0 136.333231458805 134.486058757033 135.14621711317 133.99813431537 122.613212991097 141.239158876 142.410498208524 142.332357529832 119.292707237283 142.442971044555 144.33121630472 123.240618304194 141.782403703704 130.852015651269 144.045999597351 143.627121394255 143.077776052048 143.041951888248 134.552034544261 133.603892158874 135.286732535012 132.346137080007 134.901816147893 130.169120762184 132.439608878915 133.948684204064 132.397129878257 133.46628787825 139.748881927549 125.008999676023 137.356288534599 136.171766530364 135.860222287467 133.63195725574 132.727163760852 136.097391598811 132.531128418949 134.22276260009 136.596120003461 135.13419256428 134.621692159919 137.117650213238 133.423198882353 145.506013621431 142.379773844461 141.921633305145 145.218800435756 132.224241347795 134.622620684638 137.309868545564 141.991196910231 111.001126120414 133.94308492789 133.221619867047 136.169930601436 136.155242278805 132.424506795381 140.171323743482 134.482340848157 139.322467678404 129.662060757956 133.11649033835 134.540885978947 131.87399288715 133.705833829343 146.005993027684 144.122343861041 143.210509390896 143.525259100968 110.464926560425 143.487804359813 136.05513588248 134.965736392612 133.531831411091 137.482726187692 134.68203295169 146.418065825225 142.373628176007 134.255353710755 135.105514321215 133.919752090571 132.721512950991
136.333231458805 0 134.036375659744 136.668394298023 134.637476209264 123.475706112579 141.436381458237 141.573302567963 141.874063873564 120.710397232384 141.595374218228 144.10152670947 123.654761331701 141.350627872677 130.251679451745 143.53222634656 143.720214305434 142.399087075725 142.494736744906 134.827667783731 133.971078968559 135.658578792497 132.303628068168 135.026849181931 131.95548491821 134.029847422132 134.411681040005 133.038528254036 136.020219085252 140.353126078474 125.065982585194 138.652443180782 136.912380740384 136.270869961265 133.705833829343 134.176190138191 135.621716550116 133.117429362199 135.321838592298 136.379067308733 134.972219363838 136.39189858639 137.486362960113 134.344705887504 145.185226521158 141.480564036195 142.344652165088 145.628808963062 133.283532366155 136.023894959672 137.256147403313 142.00440134024 112.124930323278 134.783159185412 134.142647953587 138.546021234823 135.814211332982 132.832601419983 139.027874902841 136.300220102537 139.066530840458 131.614968753558 132.846716180717 136.003676420897 132.659338156045 133.90481694099 145.244621242922 143.923590839028 141.650979523616 143.151143900424 111.538110079022 142.075684056069 135.848260938446 135.642913563518 133.90855088455 137.948359903262 134.04849868611 145.780657153135 142.068645379619 133.937485417638 136.078102573485 136.034003102166 134.248836121584
134.486058757033 134.036375659744 0 133.172820049738 132.566964210545 120.47821379818 136.777191080969 139.017085280911 138.802017276407 116.257257837952 138.173803595327 141.148857593677 120.601616904584 138.628099604662 127.419582482443 140.585383308508 141.139115768805 139.112364655339 139.45787894558 131.762096218905 131.609270190211 132.853302555864 128.782762821738 131.816159859101 129.50289572052 130.832908704194 131.608320405664 129.28843722468 132.530185240948 137.479998545243 122.538769375247 135.627246525173 135.184133684394 132.597134207342 131.744070075279 131.156395192915 133.386656004265 130.642642349273 133.653469838983 133.727334528136 132.616929537673 132.502830158454 135.437254845187 131.564622904488 142.34113952052 137.983694688902 138.620885872223 141.688037603744 129.557902113302 133.181267451545 134.383778783006 140.02321236138 107.720703673899 132.579221599767 130.80137613955 135.285808568379 132.345192583637 129.163655878889 136.152488041901 132.448103044174 136.461533041367 128.599183512183 130.199846390078 133.640375635509 129.171397762817 132.036926653115 142.685843726699 140.47330707291 139.569874973076 140.527577364729 107.133094793346 139.711309492109 132.565078357764 132.20533272149 131.13828579023 134.630977118938 131.164972458351 142.895941159992 139.399605451379 130.881625906771 133.459731754563 133.618860944105 130.919822792425
135.14621711317 136.668394298023 133.172820049738 0 130.539266123263 122.366253517871 141.449637680695 142.380651775443 142.316548580971 119.667246980951 142.597335178467 144.979308868542 123.815386765943 142.626259854208 130.225765499766 144.378841940223 144.541516527259 142.857446428249 143.152017100703 132.831660382606 133.412892930181 133.646922897611 129.730489862638 132.172236116364 129.187847725705 131.374464794343 131.921378100746 130.30924756133 134.079267599432 137.589062065267 122.885108943273 136.76530992909 134.553892548674 134.070876777919 131.091571048638 132.043553420832 134.441437064619 130.883536015803 133.188775803369 135.716616521338 135.000925922751 132.42922638149 136.28004255943 130.834819524468 145.926351287216 142.903813804951 141.524732820804 146.142054180171 130.852015651269 133.479399159571 138.110463035934 143.138045257018 110.312057364551 131.631113343313 130.889266175649 135.719379603651 135.747007333495 130.683778641421 138.580301630499 132.930432933922 137.955608802252 128.250730992069 131.818056426273 132.895635744745 129.39377883036 130.590007274676 145.803806534672 143.993923482903 142.943170525912 144.012152265009 110.195281205685 143.49651563714 135.395716328102 133.758177320118 132.571678725133 137.171425595858 133.65159931703 146.837495211543 142.995629303836 134.354009988537 133.221619867047 133.302288052381 130.979005951336
133.99813431537 134.637476209264 132.566964210545 130.539266123263 0 120.289234763548 141.074448430607 142.027286110803 142.34113952052 118.451466854573 142.242750254626 144.242850776044 121.732288239398 141.540630209138 129.97211239339 143.315212032778 143.900138985339 142.359579937565 142.762039772483 131.623516135985 132.12872511305 133.482208552301 128.592379245428 130.872074943435 126.732000694379 129.488416470355 130.767924201618 127.986327394765 131.978217899773 135.525827796771 121.884166321963 135.036106282727 133.273215613641 133.83945606584 129.817179140513 130.567989951596 132.845775243325 128.675949578777 129.883601736324 133.448491936028 133.565526989564 131.609270190211 133.1737586764 129.430483271909 145.686306837671 141.387764675731 141.273670583021 144.886162210199 129.183009718771 132.250708882788 137.495454470321 141.989436226784 109.159287282393 130.118215481154 129.243955371228 134.434928497024 135.511069658534 129.725672093075 138.105032493389 131.42488348863 136.153406127059 126.65010856687 129.815253341046 131.277378096914 127.934553581118 129.596489149977 145.309153187265 143.806293325431 142.522805192713 143.364919000431 109.327489681233 142.880194568736 134.175258524066 133.021614784966 132.192095073798 134.883282878198 133.186898755095 146.714859506459 142.313913585426 134.300037230077 132.030299552792 132.092770430482 130.422390715705
122.613212991097 123.475706112579 120.47821379818 122.366253517871 120.289234763548 0 125.865007051205 127.248772096237 127.829965188136 100.519898527605 127.125921825566 129.765172523293 106.80472835975 125.90174740646 113.555052727741 129.175268530783 129.386050252722 128.100546446922 127.655787177864 120.558077290574 120.552892955748 121.136286883824 118.209559681102 121.348671191736 116.824654932082 119.878063047415 120.236225822337 117.877054595031 122.285526535236 125.812360283082 107.87145127419 124.630453742254 123.224388819746 121.179618748369 120.393106114927 120.459536774803 122.049170419139 118.473625756959 120.618199290157 122.237473795886 121.676826059854 120.418021907022 123.342004199705 119.460244433033 130.898815884637 127.007873771668 127.329297492761 130.79755349394 118.843384334173 122.146428519216 121.825695155004 127.536269351114 90.3036544111034 120.529042143377 119.354513948991 124.174272697689 120.125975542345 118.111176439827 126.071408336704 121.651140561854 125.396371558351 117.665840412585 119.893702920545 121.287880680635 118.487341096001 119.853035005376 130.966598795265 129.669772884817 128.040032802245 128.753640725224 89.3476356710126 128.5 122.449989791751 120.912158197594 119.31575755113 122.894263495088 120.676219695514 131.906216684431 127.977537091476 117.664778077384 122.464280506603 122.094225907698 118.465184759068
141.239158876 141.436381458237 136.777191080969 141.449637680695 141.074448430607 125.865007051205 0 104.605210195286 104.606405157619 105.724878812889 103.167339793173 107.447661677674 117.92052408296 104.094908617088 98.0395328426243 109.195924832386 109.903366645431 103.168551409817 103.375529019203 131.425834598834 131.143051664966 131.747865257848 137.362658681317 139.882093207101 136.669308917547 137.930235989068 138.797514386966 137.99637676403 140.170431974793 145.309153187265 129.272000061885 143.34660791243 143.792385055677 136.45878498653 140.516902897836 138.603751752974 140.379841857725 138.708327075198 142.487718769022 137.557260804365 136.825618946161 139.008992514873 143.867126196362 141.135573120316 118.203214846298 111.144050672989 115.694641189642 116.273384744747 138.622689340526 141.321442109823 104.189730779957 109.171882827036 107.255535987659 139.236309919503 140.269383687247 143.981769679359 109.582160956973 137.627213878651 141.324095610055 140.516902897836 141.133801762724 136.907815700931 138.110463035934 141.898731495387 139.857963663139 141.381575885969 120.331832862298 113.001106189276 112.393282717429 111.532506472329 102.898007755252 111.656840363679 136.910554742869 134.711729259185 133.421325132079 138.881244234058 135.039808945362 117.786883819889 111.739652764809 103.756927479566 142.406109419505 141.269246476365 138.610966377123
142.410498208524 141.573302567963 139.017085280911 142.380651775443 142.027286110803 127.248772096237 104.605210195286 0 105.255641178989 106.812920566755 104.609989962718 108.176938392617 119.01890606118 105.016665344125 99.0176751898367 96.0468635614927 109.733768731416 105.756796471905 105.243764660905 132.421674962976 132.252599218314 132.780834460399 138.006340434054 141.664215665072 138.51263480275 139.095291077736 140.228385143665 139.347586990231 142.418397687939 146.499146755194 130.552671362941 143.934012658579 145.136142983063 137.563621644678 141.724204001998 140.574713231079 141.312596749193 140.195399353902 143.547901412734 138.279608041099 137.929329730844 140.102640945844 144.742875472335 142.351677194194 117.378660752285 112.719785308525 116.015085226017 116.536474976721 139.8963902322 143.031465069753 104.159733102577 109.346924968195 108.627804912002 140.888253591277 141.70127028365 145.371936769103 109.733768731416 138.338353322569 142.578925511451 141.768296879098 142.39733143567 138.305820557199 139.365526583872 142.295467250366 141.295789038456 141.955979092112 120.642032476248 113.300485435853 111.79445424528 112.477775582557 104.051669856855 112.02678251204 138.238019372385 136.868550076342 135.318143646741 139.768558696153 136.14697940094 118.791834736231 112.136078048057 105.103520397749 143.479092553584 143.452953960523 139.884774010612
142.332357529832 141.874063873564 138.802017276407 142.316548580971 142.34113952052 127.829965188136 104.606405157619 105.255641178989 0 107.178589279762 104.854661317464 108.406641862941 118.453577404821 104.030043737374 97.7304967755715 108.980502843399 108.635859641281 105.549751302407 105.595927951792 132.224241347795 132.115479789463 133.349165726674 138.87584383182 142.281411294659 138.247965626985 138.982912618782 140.2007489281 139.739042504234 141.607732839701 146.760859904812 130.718208372055 144.721283852791 145.580733615407 137.085739593876 141.846748288426 140.40121082099 141.977110831289 140.449279101033 143.750652172434 138.184659061706 137.699854756641 140.675157721611 145.645974884306 142.422786098293 118.488396056323 111.955348242056 115.168355028628 117.070491585198 139.902644721249 143.28555405204 103.624321469431 108.535708409721 108.980502843399 141.678332852981 141.952456829743 145.389992778045 110.513573826929 138.92713917734 142.537714307477 142.576295364973 142.206715734525 138.248869796465 138.951430363275 142.717378058876 141.116086963889 141.808850217467 120.897684014211 113.724447679468 112.978980345903 112.73863579093 105.035708213921 113.05419054595 138.23168956502 136.034003102166 135.015739823178 139.165369255429 136.237843494383 117.689209360927 112.179543589729 105.354164606816 143.907956694548 143.024473430249 139.79985693841
119.292707237283 120.710397232384 116.257257837952 119.667246980951 118.451466854573 100.519898527605 105.724878812889 106.812920566755 107.178589279762 0 106.902993409913 110.146493362249 96.5064764666082 106.541071892487 88.4646822183859 109.505707613804 109.553639829994 108.011573453959 107.376673444468 112.838379995461 113.038710183724 114.83792927426 114.641833551283 118.328990530639 114.615662106014 116.539692808931 117.635028796698 115.759448858398 118.564328530971 122.513264587962 103.590540108641 121.651140561854 121.457811605512 111.378857957873 117.797495728899 116.825724906803 118.828658159553 116.117397490643 119.551244242793 117.171882292639 116.576155366353 115.569243313262 121.928257594374 117.762472800124 113.235374331522 108.559891304293 108.268185539428 112.730874209331 116.702613509724 120.143664002726 101.912953053083 108.490783018651 68.8875895934819 116.916636968397 117.774148266927 121.29303360045 102.159189503441 115.82529948159 120.159269305368 118.959026559568 120.681398732365 114.352525114227 116.384062482799 119.381740647387 116.869585436075 117.985168559442 112.031245641562 110.627754203003 109.153561554353 109.978406971551 64.4185532280879 109.840793879141 117.576570795376 115.976290680466 114.017542509914 118.919090141154 115.349469006147 114.470520222457 109.050447041725 99.4924620260249 119.667246980951 119.980206700939 116.60081474844
142.442971044555 141.595374218228 138.173803595327 142.597335178467 142.242750254626 127.125921825566 103.167339793173 104.609989962718 104.854661317464 106.902993409913 0 104.54903155936 118.6075461343 102.918657200723 98.3170890537347 109.072223778559 108.313203257959 104.483252246473 104.907101761511 132.099394396795 132.42922638149 132.969921410821 138.472018834131 141.536214447045 138.973018964114 139.31170087254 139.791809488253 138.895644280157 141.140887059704 146.583593897817 130.402262250315 144.22985127913 145.023273994211 137.165957875852 141.336477952438 139.919619782216 141.269246476365 140.057131200093 143.614936549093 138.985610766007 138.207271878147 140.625388888351 145.38483414717 142.433317731491 117.949141582294 109.517121949036 114.368920603458 115.905133622286 139.952670571161 143.745434710115 104.160933175543 107.928216885113 108.741666347357 141.392185073999 141.582131640967 145.135281720194 109.837379793948 138.424166965165 142.746278410332 142.555252446201 141.970947732274 138.826330355592 139.404088892686 142.296345701497 140.818145137621 142.199683543952 118.518985820838 112.308726286073 111.086677869131 112.116011345392 104.36234953277 112.704259014467 138.157518796481 136.591544394227 135.056469671023 139.138420287137 136.349734139821 117.131336541508 112.553320697348 106.035371456887 143.963537050185 142.235719845614 139.075519053498
144.33121630472 144.10152670947 141.148857593677 144.979308868542 144.242850776044 129.765172523293 107.447661677674 108.176938392617 108.406641862941 110.146493362249 104.54903155936 0 121.506172682708 108.555285454003 102.60726095165 111.989954906679 109.632340119145 108.01273073115 107.584850234594 134.261870983537 134.400520832324 136.163504655249 141.251548664077 144.457606237955 140.349563590344 142.03432683686 142.134619287491 141.290480924937 144.287040305081 148.380423237029 133.216928353719 146.2301268549 147.445752736388 139.974997767458 144.751511218363 142.679711241648 143.963537050185 142.557006141403 145.609924112335 140.68048905232 140.65649647279 142.71650219929 147.116450473766 144.416931140362 120.710397232384 114.418092974844 119.240303589013 119.6411300515 142.305129914561 145.216218102525 107.412755294704 113.13929467696 112.092595651988 143.116211520568 143.937486430742 147.31004717941 113.160284552488 140.901561382406 145.062055686523 144.575239927174 144.987068388874 141.255973325024 141.836173101223 145.755788907336 143.540064093618 144.446356824947 123.202069787808 115.57140649832 114.493449594289 115.459949766142 108.046286377645 115.070630484064 139.837405582341 138.286839576295 136.986313184931 141.65627412861 138.52165895628 120.825287088424 115.200911454728 107.800742112473 146.128368224654 144.912042287727 141.462009034228
123.240618304194 123.654761331701 120.601616904584 123.815386765943 121.732288239398 106.80472835975 117.92052408296 119.01890606118 118.453577404821 96.5064764666082 118.6075461343 121.506172682708 0 117.520211027721 104.663747305359 120.981403529633 120.022914478861 119.042009391643 118.159849356708 117.573381341186 118.599114667859 119.930188026201 118.778154557141 121.534974390091 117.808106682011 120.571555517875 121.020659393345 119.200461408503 123.073148980596 127.712567901519 109.135237205955 125.845142933687 125.075976910037 120.522819416076 121.382659387575 120.769408378115 122.504081564656 119.282228349407 122.782327718609 121.719965494573 122.081939696255 121.221903961289 125.189855819072 121.338369858837 123.90419686193 119.135427140712 119.972913609698 123.429129463024 119.526147766922 123.563748729148 113.519822057648 119.428849111092 89.1150941199077 120.753881925179 120.448121612585 124.531120608465 113.655180260294 119.674558699834 125.728874965141 122.648889110338 126.321019628564 117.528719894331 120.408679089175 123.075180276122 118.878088813709 120.834597694534 124.881944251361 121.755903347641 119.649488089168 120.470950855383 87.07037383634 120.457461371224 121.631615955721 120.447083816919 119.226674867665 124.522086394342 120.557040441444 124.783813052815 119.793572448608 110.624364404954 123.491902568549 122.238496391276 119.930188026201
141.782403703704 141.350627872677 138.628099604662 142.626259854208 141.540630209138 125.90174740646 104.094908617088 105.016665344125 104.030043737374 106.541071892487 102.918657200723 108.555285454003 117.520211027721 0 98.7927122818277 108.979355843205 108.54722474573 104.890419009555 105.200998094125 131.442002419318 130.947508567365 132.396185745663 137.810558376345 141.353280825031 137.772457334549 138.168375542307 139.26413752291 138.721843990051 140.71069611085 146.11981385151 129.682304112782 143.874945699382 144.589072892802 136.618995750957 142.037847069012 139.426503936662 140.798615050007 139.677306675064 142.749781085647 137.979165093865 137.426343908291 139.720256226504 144.570052223827 141.527382509534 117.378660752285 111.378857957873 116.060329139633 115.908368981709 139.46684193743 142.549991231147 104.030043737374 108.213908533053 107.891148849199 139.86243241128 141.181620616849 144.765327340493 109.71326264404 138.228072402099 142.10647416638 141.427543286306 141.795627577158 137.355378489523 138.887544437937 142.390308658981 140.116023352078 141.10102763623 120.158229014912 113.683771928979 111.868226051904 112.868286068319 104.070889301476 112.46110438725 137.32170258193 136.170848568994 134.721935853075 138.898344122599 135.661343056893 117.891899636913 112.594404834343 104.99404745032 143.308234236557 141.69597735998 139.117755876092
130.852015651269 130.251679451745 127.419582482443 130.225765499766 129.97211239339 113.555052727741 98.0395328426243 99.0176751898367 97.7304967755715 88.4646822183859 98.3170890537347 102.60726095165 104.663747305359 98.7927122818277 0 101.15582039606 102.369429030351 99.6819943620712 99.6355860122276 121.344550763518 121.003099133865 121.990778340004 126.527664959091 129.648563432072 125.661250988521 126.797081985352 128.025388107203 126.373454491044 129.473935600954 134.792433022036 117 133.056379027839 133.454111963626 124.914971080331 129.885526522396 127.727248463278 129.608063020786 127.737034567114 131.169737363464 126.604699754788 126.560262325898 127.466662308229 133.137147333117 130.315002973564 110.4411608052 104.231713024396 107.305638248882 109.616376513731 127.786932039235 130.761232787092 95.9856760147054 102.18243488976 91.6515138991168 127.898397175258 129.38218579078 133.394152795391 100.184829190851 126.061492931029 130.861568078638 130.534478204036 130.84532853717 126.065459186884 127.020667609645 130.410889115902 128.625425169365 129.636028942574 111.841405570567 105.794612339192 104.527508341106 106.109613136605 87.2539397391316 103.939886472903 126.748767252388 124.360363460389 122.963409191515 128.65749103725 124.767784303481 110.54863183233 104.92378186093 95.2824747789435 130.947508567365 130.859657648948 127.936507690338
144.045999597351 143.53222634656 140.585383308508 144.378841940223 143.315212032778 129.175268530783 109.195924832386 96.0468635614927 108.980502843399 109.505707613804 109.072223778559 111.989954906679 120.981403529633 108.979355843205 101.15582039606 0 111.696016043546 108.498847920151 108.582917625196 133.833852219833 133.65159931703 135.104589115248 139.670147132449 143.614936549093 140.318387961094 141.582131640967 142.606100851261 140.679600511233 144.178708552962 147.644844136191 132.862711096831 146.219013811474 146.656060222549 138.921740559208 144.059883381877 142.204957719483 143.063796957861 142.324453274903 145.248063670398 140.280968060532 140.543587544932 142.259446083555 147.222620544535 143.834974884414 120.51867075271 115.673030564605 118.932754109202 119.617097440124 141.927798545599 145.112025690499 108.126083809597 112.591074246585 110.968463988649 142.839070285409 143.343119820939 146.768525236169 113.084039545817 140.362031903218 144.468854775 143.309978717464 143.843665136842 139.619124764482 141.178079034955 143.940960119071 142.784803112936 144.071162971637 123.604207048142 116.264784006164 114.501091697852 116.321752050079 106.652473013991 116.249731182485 140.143676275457 138.738963525031 137.078444694999 140.786185401835 138.367264914791 121.074357318137 115.594117497388 108.714074525795 144.897377477993 145.004310280764 141.812376046662
143.627121394255 143.720214305434 141.139115768805 144.541516527259 143.900138985339 129.386050252722 109.903366645431 109.733768731416 108.635859641281 109.553639829994 108.313203257959 109.632340119145 120.022914478861 108.54722474573 102.369429030351 111.696016043546 0 109.174172769937 109.124928407766 133.766587756435 134.235799993891 134.932390477602 139.813268326007 143.712386383359 140.206098298184 141.154171032952 142.437705682168 141.298443020438 143.594916344556 147.766708023154 132.519809839888 146.833238743821 147.214129756624 139.381670243974 144.228117924349 141.747134009828 143.337887524548 142.255931335041 145.4561789681 140.428807585908 139.663882231592 142.564897502857 146.829833480802 143.807162547628 121.30024732044 115.441543648723 118.205329829073 120.524893694207 142.168913620383 145.234293470929 108.082144686345 112.195142497347 111.218253897461 142.511403052528 143.533097228479 147.088408788728 114.308792312753 140.83145955361 144.767917716599 143.416351926829 144.500865049314 141.086852683019 141.607732839701 144.718692641967 142.809313421779 144.171772549275 122.745672021461 116.163677627734 115.201996510477 116.250806448816 107.16925865191 114.736654997433 139.993749860485 138.526170812594 137.913016064475 141.215261214927 138.479240321429 120.31209415516 115.803713239257 108.433159135017 145.274739717543 144.420393296792 142.219021231339
143.077776052048 142.399087075725 139.112364655339 142.857446428249 142.359579937565 128.100546446922 103.168551409817 105.756796471905 105.549751302407 108.011573453959 104.483252246473 108.01273073115 119.042009391643 104.890419009555 99.6819943620712 108.498847920151 109.174172769937 0 104.238908282848 131.85029389425 132.633894612199 133.432567239037 138.709228243834 141.898731495387 138.628099604662 139.262342361458 140.060701126333 139.105176035976 141.774468787578 146.75830470539 131.245952318538 144.68759449241 145.273879276352 137.790602001733 142.797934158727 140.679600511233 142.073044593265 140.986701500532 143.828022304417 139.331439381067 138.327509917587 140.992021050838 145.708613334971 142.455256133286 118.790782470695 112.608836242988 116.260483398273 117.41699195602 140.132080552599 143.544418212622 105.312629821878 110.012499289853 109.350354366138 141.689802032468 142.649044861857 145.614216338928 110.530538766442 138.87584383182 142.773421896374 142.226052465784 142.555252446201 139.30541985149 140.091934100433 143.44859706529 140.996453856117 142.61135999632 121.181681784006 113.408553469304 112.90704141018 113.248620300646 105.243764660905 112.756374542639 138.190991023294 137.125854600801 135.157315747243 139.922299866747 136.925162041168 117.567002173229 112.236357745608 105.909159188429 144.404812939182 143.273340157895 140.635166299187
143.041951888248 142.494736744906 139.45787894558 143.152017100703 142.762039772483 127.655787177864 103.375529019203 105.243764660905 105.595927951792 107.376673444468 104.907101761511 107.584850234594 118.159849356708 105.200998094125 99.6355860122276 108.582917625196 109.124928407766 104.238908282848 0 132.865533529204 132.693255292046 133.663757241819 138.938835463667 142.124945030772 137.878569763397 139.705941176458 140.419905996265 139.474011916199 142.508771659853 147.213280650898 131.298324437138 144.387499458921 145.35043859583 137.916641490431 143.111844373553 140.149919728839 142.045767272383 140.705365924687 143.910562503244 139.456086278083 138.548727890226 140.474196918865 145.846666057199 142.953663821533 119.312614588735 112.071405808975 115.493506310961 118.029657290022 140.471527364089 143.787169107678 104.835585561392 109.638040843496 109.346924968195 140.899787082877 141.781522068286 145.663138782603 110.777931015162 139.343998794351 142.707743307783 142.348164722978 142.706867389064 138.424166965165 140.255124683557 143.16511446578 141.678332852981 142.556129296499 121.578164157878 113.369969568665 113.363353867112 113.6023767357 104.74970167022 111.873812842863 137.987318257875 137.389046142697 134.84713567592 140.317497127051 135.885061724974 118.394467776159 112.333209693305 105.818240393611 144.358927676815 143.251527042472 140.294333456487
134.552034544261 134.827667783731 131.762096218905 132.831660382606 131.623516135985 120.558077290574 131.425834598834 132.421674962976 132.224241347795 112.838379995461 132.099394396795 134.261870983537 117.573381341186 131.442002419318 121.344550763518 133.833852219833 133.766587756435 131.85029389425 132.865533529204 0 116.220695231099 116.855680221374 128.616678545203 131.997159060337 128.861359607913 131.643457870112 131.740274783378 130.941780956271 133.534639700716 137.165957875852 121.977456933648 134.840646690825 134.480481855175 132.554705687878 131.206897684535 131.328785877278 134.403310971122 129.933636907461 132.762946637983 133.52434235 132.482074259124 131.972535021496 134.597548268904 130.854881452699 137.166869177655 132.893754556036 133.324791393049 136.699487928814 130.439641213858 133.583307340401 127.713546658136 132.207223705817 106.061303028013 131.207850374892 131.023852790246 134.666254124781 127.461758971073 130.805198673447 137.725270012442 132.916327063307 136.530216435777 128.578769631693 131.782965515274 134.175258524066 129.137523594035 130.722989561898 138.068823417888 134.435858311687 133.656275572829 134.071809117353 105.374332738101 134.402380931292 133.306976561619 132.041660092563 131.173549162931 134.591047250551 132.247873328837 137.311689232927 132.715861900528 125.770624551204 133.025373519491 133.398838075899 131.458168251349
133.603892158874 133.971078968559 131.609270190211 133.412892930181 132.12872511305 120.552892955748 131.143051664966 132.252599218314 132.115479789463 113.038710183724 132.42922638149 134.400520832324 118.599114667859 130.947508567365 121.003099133865 133.65159931703 134.235799993891 132.633894612199 132.693255292046 116.220695231099 0 118.570654042221 128.277043932264 131.540868174115 128.776938929297 129.977882733948 131.387784820355 129.334836761021 133.436314397543 137.538176518376 121.547315889739 135.296895751529 134.258146866401 132.245982925758 131.666244725062 130.833864117819 133.424135747623 129.693870325471 132.957700040276 133.384781740647 132.173181848664 131.481937923047 134.913861407937 132.116425928043 137.967387450803 132.615986969897 133.569270418012 136.663821108587 130.683778641421 132.658395889593 127.634243054127 131.964010245218 106.170852874035 131.807624969119 130.370625525845 135.433563048456 127.466662308229 130.216166431054 136.974450172286 132.732814330142 136.070753654119 128.472759758635 131.637760540052 133.995335739719 129.925940443008 130.363913718483 137.859529957127 135.359705968948 133.655340334758 134.28142090401 104.828431257937 133.355727286082 132.051126462443 131.906216684431 130.32363561534 134.46932735758 130.907410027087 137.797859199626 132.961460581629 124.841900017582 132.674413509162 132.478300109867 131.394444326996
135.286732535012 135.658578792497 132.853302555864 133.646922897611 133.482208552301 121.136286883824 131.747865257848 132.780834460399 133.349165726674 114.83792927426 132.969921410821 136.163504655249 119.930188026201 132.396185745663 121.990778340004 135.104589115248 134.932390477602 133.432567239037 133.663757241819 116.855680221374 118.570654042221 0 129.191718000807 132.028406034459 129.853763903862 131.159254343718 131.891053525249 130.776526945779 134.605906259718 138.811923119017 122.056339450272 136.518313789762 135.86850260454 134.36703464764 131.986741758405 131.747865257848 134.348427605238 130.372543121625 132.869296679105 134.042903579414 133.194406789474 132.729047310677 135.538739849535 132.116425928043 137.874943336344 134.454453254624 134.030780046973 137.3735782456 131.420127834362 133.816105159282 128.512645292205 133.133391754285 107.655701195989 132.144806935422 131.56177256331 135.618029774805 128.686634892673 131.307844396289 138.407008493067 133.122124382088 138.527073166223 129.573338306922 132.060592153753 132.997180421241 130.006730594996 131.868305517285 139.412158723692 135.881382094826 134.936095986211 135.307058204663 106.780147967682 134.367964932122 133.972012002507 132.867415117477 132.148590609208 135.59129765586 132.942656811123 138.463894210729 134.700593911089 126.686621235235 133.334166664063 134.134261096858 131.937485196588
132.346137080007 132.303628068168 128.782762821738 129.730489862638 128.592379245428 118.209559681102 137.362658681317 138.006340434054 138.87584383182 114.641833551283 138.472018834131 141.251548664077 118.778154557141 137.810558376345 126.527664959091 139.670147132449 139.813268326007 138.709228243834 138.938835463667 128.616678545203 128.277043932264 129.191718000807 0 127.306716240739 125.684127876196 127.596042258371 128.178586355132 126.089254102005 131.168784396288 134.522302983557 119.439315135344 133.209421588715 131.568423263335 131.211661067148 127.247789764695 129.145267044519 131.055331825912 126.822710899902 128.357898081887 130.654123547632 130.231524601381 129.236217833856 131.911902419759 128.5 142.167155137887 138.629001294823 138.129468253519 141.481447547019 128.608903268786 130.972325321039 133.902949930164 138.585713549413 105.741429912783 127.924782587269 128.423128758024 132.566021287508 132.467920644962 126.926159636223 136.511904242817 130.535435801931 134.937948702357 125.20483217512 129.242021030314 130.160477872509 125.192851233607 128.100546446922 141.551227476133 140.034817099177 138.721843990051 139.495519641313 105.377891419405 139.169860242798 131.049608927307 130.135506300164 129.101704094098 133.041346956501 129.426620136663 142.612236501641 139.036865614843 130.347612176058 129.709290338048 130.291979799219 128.275095010684
134.901816147893 135.026849181931 131.816159859101 132.172236116364 130.872074943435 121.348671191736 139.882093207101 141.664215665072 142.281411294659 118.328990530639 141.536214447045 144.457606237955 121.534974390091 141.353280825031 129.648563432072 143.614936549093 143.712386383359 141.898731495387 142.124945030772 131.997159060337 131.540868174115 132.028406034459 127.306716240739 0 128.34523754312 130.871119808765 131.904321384858 129.743978665678 133.109916985926 136.721432116549 121.479422125725 134.963884057921 133.531831411091 133.938418685603 130.765056494463 130.944644793134 132.845775243325 129.269099169136 131.477184332492 134.177121745848 133.694614700817 132.183584457375 134.000932832574 130.419515410846 145.669145669218 141.553876668921 141.075334484806 144.601175652206 130.852015651269 133.46066836338 136.910554742869 141.712737606751 108.969032298172 131.134472965731 130.353365894403 134.986110396589 135.015739823178 131.340207095923 138.421457874132 132.986841454333 137.625397365457 128.028317180224 131.929905631741 132.420731005383 128.279967259116 130.52107109582 144.700552866947 144.068560067768 142.887193267976 142.814565083538 109.080245690959 142.313913585426 134.013059065152 133.582371591464 130.836730316834 135.906217664977 132.703617132315 145.651124266172 141.747134009828 133.755373723825 132.778010227598 132.225186708131 131.745967680229
130.169120762184 131.95548491821 129.50289572052 129.187847725705 126.732000694379 116.824654932082 136.669308917547 138.51263480275 138.247965626985 114.615662106014 138.973018964114 140.349563590344 117.808106682011 137.772457334549 125.661250988521 140.318387961094 140.206098298184 138.628099604662 137.878569763397 128.861359607913 128.776938929297 129.853763903862 125.684127876196 128.34523754312 0 126.654056389837 125.198841847678 124.899959967968 129.943256846979 134.017722708603 118.379685757312 132.192095073798 131.513307311466 130.673256636544 126.899566587124 127.779106273287 130.09803995449 126.544458590647 128.71965661856 129.857614332006 129.372524130899 128.885608195795 130.945599391503 127.028540100247 142.256810030311 137.691684571001 137.66172307508 141.552110545905 125.732851713464 130.218086301404 133.575821165359 137.851369235129 105.184361955568 127.658724731215 126.9960629311 132.923850380584 131.798141109805 126.284401253678 135.323686027244 130.253598798651 133.522470019095 123.900161420395 127.38720500898 129.590701826944 125.172880449401 128.472759758635 141.778877129141 139.823996509898 138.597438648772 139.588681489582 104.980950652964 138.570379230195 131.127800256086 128.841957451756 128.018553342865 131.709908511091 130.133585211505 142.592952139999 138.629902979119 129.942294885076 129.67459273119 128.788586450819 125.918624515994
132.439608878915 134.029847422132 130.832908704194 131.374464794343 129.488416470355 119.878063047415 137.930235989068 139.095291077736 138.982912618782 116.539692808931 139.31170087254 142.03432683686 120.571555517875 138.168375542307 126.797081985352 141.582131640967 141.154171032952 139.262342361458 139.705941176458 131.643457870112 129.977882733948 131.159254343718 127.596042258371 130.871119808765 126.654056389837 0 129.582020357764 127.307698117592 131.464824192633 136.368984743599 120.436705368422 133.785275721957 132.574507353412 132.607503558434 128.787615864259 129.546323761039 132.199659606218 127.90523836028 131.59597258275 132.061538685569 132.695139323187 130.656993689584 134.2665259847 130.722989561898 142.999125871454 139.378082925545 139.960708772141 142.080083051778 128.452325786651 132.342359054084 134.477693317516 138.802917836766 107.575554844026 131.335448375524 130.668473626962 134.447015586066 132.092770430482 128.773056188009 136.904163559769 130.723945778882 134.708945508455 126.313103041608 129.343534821034 130.826220613453 127.561749752816 129.847988047563 142.889817691815 140.881155588673 139.339513419561 140.887366360508 106.977801435625 139.486558492207 132.566021287508 131.59407281485 129.388948523435 133.231940614854 131.356385455752 143.829760480924 140.024997768256 131.111593690261 131.370658824564 131.891053525249 128.490272005316
133.948684204064 134.411681040005 131.608320405664 131.921378100746 130.767924201618 120.236225822337 138.797514386966 140.228385143665 140.2007489281 117.635028796698 139.791809488253 142.134619287491 121.020659393345 139.26413752291 128.025388107203 142.606100851261 142.437705682168 140.060701126333 140.419905996265 131.740274783378 131.387784820355 131.891053525249 128.178586355132 131.904321384858 125.198841847678 129.582020357764 0 127.801604058791 133.504681565854 137.253415258055 121.647030378879 135.292276202302 133.985073795554 133.558039817901 130.006730594996 130.463596455103 133.126819236396 128.209789017844 132.495282934903 133.288221535138 133.077045353434 132.021778506427 135.111065423969 131.402054778455 144.045999597351 140.111562692021 140.133864572415 143.472122727727 128.829344483312 132.563192478154 135.416948717655 139.682676091203 108.351280564652 130.833864117819 131.008587504789 134.136124888115 133.54587226867 130.167200169628 137.15228762219 131.853137998305 136.330480817754 126.838479965663 130.806154289468 133.435377617782 128.191263352851 130.864433670879 144.369318070011 141.876707038189 140.593385335157 141.007978497672 107.848273050615 140.769314838142 133.773128841333 131.443904385103 131.384930642749 134.767392198558 132.32724587174 144.457606237955 140.504448328158 131.847449728844 132.995300668858 131.5 130.764100578102
132.397129878257 133.038528254036 129.28843722468 130.30924756133 127.986327394765 117.877054595031 137.99637676403 139.347586990231 139.739042504234 115.759448858398 138.895644280157 141.290480924937 119.200461408503 138.721843990051 126.373454491044 140.679600511233 141.298443020438 139.105176035976 139.474011916199 130.941780956271 129.334836761021 130.776526945779 126.089254102005 129.743978665678 124.899959967968 127.307698117592 127.801604058791 0 130.920777571782 134.967588701881 120.246621574163 132.613159226375 131.498098845573 131.0477012389 129.213002441705 129.187847725705 131.369707314891 127.37739202857 128.482489079252 129.971150645057 131.353530595869 129.054252157765 132.091824122464 128.131768113922 142.581555609413 138.434099845378 138.914542075335 142.634147384138 127.079699401596 130.44251607509 133.84132396237 139.0197827649 106.283818147449 128.785674669196 128.11127975319 132.490565701864 132.786482745798 127.038380027455 136.121269462197 130.592878825761 134.819323540804 126.523713192429 128.089812241255 130.457847598372 125.935499363762 128.824493012781 142.657807357326 140.215013461469 139.099784327655 140.692928038335 105.726061120237 139.773924606845 131.886314680485 130.540223686035 128.649718227441 132.72339658101 130.404179380877 143.074281406548 139.020681914599 130.678996016958 130.39555207138 129.863389760163 127.563709572903
