0 0.648560474364775 0.65556418722082 0.645088643986584 0.642914941215669 0.620116544210793 0.715348790118457 0.714796985659198 0.71776950925181 0.646728797182308 0.71636675235647 0.716441620333598 0.628052695102848 0.71601849746039 0.684555488556223 0.720340900520401 0.716782253824391 0.71767431319719 0.719079046803365 0.661180268531879 0.655809644546297 0.661069441083958 0.646432219465927 0.648768283294842 0.631147540983607 0.63535778713169 0.646780234384439 0.639865675221876 0.633884914613291 0.668152912798772 0.62840952021156 0.656509695290859 0.647030890139374 0.680839612486545 0.647115477222383 0.638539593144633 0.660820986154967 0.645278099652375 0.644285202436403 0.664547131346471 0.653000936666907 0.65813238066885 0.653529397722661 0.639557046008348 0.722868022847981 0.714005925777131 0.719477833785705 0.721770142656219 0.640058895942456 0.641682866537068 0.695632323847207 0.709202822399039 0.607990258992332 0.645974994516341 0.643754796623177 0.650595685827288 0.692276412432968 0.643034976191052 0.682824025289779 0.644170897595555 0.671366303844936 0.632294164668265 0.644348035671246 0.649025205573042 0.641177177177177 0.642707807656261 0.73872329538186 0.719724137931035 0.719804093934447 0.718225119077463 0.613039683072584 0.716511761905955 0.660997350036136 0.652755962593335 0.653108951949273 0.661922392652786 0.660659276687608 0.725944783608097 0.711525466149418 0.691085749537323 0.647084295612009 0.638970552797725 0.640572471424455
0.648560474364775 0 0.646575934327069 0.651733042716008 0.642620095558641 0.621622975036931 0.707932060935038 0.702286653713944 0.708286743694869 0.653293192430573 0.703240590828704 0.710381038839954 0.627201217964984 0.70321162779082 0.671190303532581 0.71266709735129 0.709923286315268 0.706634811607187 0.710110289541166 0.656221287296291 0.65237303251621 0.661283762769444 0.64426383244764 0.645693079905797 0.640420510620039 0.6414232708591 0.646055335212883 0.640503807016296 0.650931262801886 0.670264020042397 0.628018121172898 0.659775152439024 0.645939980275208 0.680512370777858 0.640722839932383 0.642992583347335 0.650664040923173 0.645955171508367 0.647611848632305 0.656084275190171 0.647793663610887 0.668783873261888 0.651605288007554 0.64339901712868 0.713111303701869 0.699913140588162 0.716708382285335 0.720590790616855 0.645663277483412 0.646952724511107 0.690236871788445 0.70367256090021 0.614272750842624 0.647277108433735 0.645914858294794 0.664987284679238 0.684749849306811 0.640009560229446 0.671436010613237 0.650017761989343 0.666843220338983 0.641118988311937 0.637693939321719 0.651211039274341 0.641041478595524 0.640511382538853 0.728017393942458 0.711233392821733 0.703107933670936 0.710052280779999 0.61837712774748 0.699252216114495 0.655351485266443 0.655070247538947 0.651456634720832 0.659320542995031 0.648503453568688 0.71506059421423 0.70334454779339 0.684606202219795 0.648690439374837 0.649105249362594 0.643767957637784
0.65556418722082 0.646575934327069 0 0.650067619783617 0.648659022213693 0.619500229955542 0.693792117623034 0.706951327995933 0.706064293682182 0.644420648168562 0.700604889950694 0.708729602562819 0.625113315548188 0.704288881526974 0.676125995080797 0.711699835213589 0.712792547148375 0.703156344430055 0.708936645836509 0.655053381660379 0.654524897999312 0.65798331625933 0.635365076251655 0.646134445630032 0.640419947506562 0.641490677205829 0.648746742016418 0.633734706707288 0.648367123952895 0.66972071430326 0.629441495441038 0.659956778282301 0.65499581189422 0.673780818942109 0.648106796116505 0.645196025647301 0.654341544639796 0.64630585028716 0.655984397948619 0.663486005089059 0.647258201186297 0.658094856914148 0.658990832310691 0.642337719191575 0.714733225545675 0.696561503013116 0.709123145516648 0.710262384763448 0.639292405771711 0.648723841780573 0.688903668082059 0.711409395973154 0.604857760771918 0.653111870070518 0.640798762208684 0.66082043002862 0.679866717929002 0.63259338677843 0.669635176845621 0.644264194669757 0.669178838836382 0.643427510927694 0.638612177462462 0.654276647560946 0.63630639575715 0.647925195610571 0.729878977111449 0.706951925751713 0.707874275004432 0.710197684412761 0.608813743464385 0.703321965390931 0.648598766331536 0.652919539109888 0.646469801920039 0.658911347002084 0.649492603007703 0.716201061629327 0.704666481588976 0.682567665664212 0.651469589678921 0.654083466938736 0.643977536793184
0.645088643986584 0.651733042716008 0.650067619783617 0 0.619027323957001 0.618858035579298 0.718507703151747 0.716491615070313 0.719293858771754 0.655964580946779 0.722414398155111 0.725311080387122 0.63960466838624 0.722285053658046 0.682160640266952 0.729902732978271 0.72776850860373 0.719452027348544 0.722453274540262 0.6499695900742 0.656885094824659 0.650507870793819 0.632118836792955 0.632969557725445 0.629316960859555 0.628867459500849 0.635585683036465 0.628692788622154 0.643974792130928 0.655881141084369 0.6172440570126 0.655268265797608 0.637634942007417 0.672142551369863 0.630593082303344 0.636223134508573 0.651283042574784 0.634101825168108 0.639789928946555 0.663061323032352 0.654409480801854 0.644951140065147 0.649321965468924 0.623760950438017 0.72904415429084 0.721592328055542 0.721806637361507 0.73191446842526 0.632897106495378 0.635890456748561 0.704505322637607 0.721118908964213 0.609188641636441 0.635512885785633 0.629604886428708 0.65072775109223 0.693198190228244 0.631952292783803 0.676199031791186 0.636186028781092 0.666400213162803 0.62519578785031 0.638085647149091 0.638389281293235 0.624961162496116 0.623132276650171 0.742143965802397 0.721533511261879 0.722015438035522 0.724081184860121 0.618692087194187 0.721924600702664 0.660068063078177 0.64946272746941 0.647758616554338 0.664290839512078 0.656299013102333 0.731923786109404 0.721938712006174 0.696063394683027 0.633639670687344 0.637196145179077 0.628571428571429
0.642914941215669 0.642620095558641 0.648659022213693 0.619027323957001 0 0.608397557802022 0.71886405679716 0.723930198401832 0.724112242364043 0.65411179666636 0.722791994423977 0.723505468098671 0.625408900722708 0.718571392916864 0.684136967155835 0.725162027265278 0.726276740447632 0.720944114208969 0.725169187898089 0.646328202401953 0.64945076122567 0.65168324407039 0.626646159761607 0.626503732585231 0.613141468528136 0.623523259407164 0.636476515676115 0.614071685947279 0.63528599652472 0.645328261549943 0.616557625811587 0.64974172201195 0.63178521977893 0.677484463801986 0.625041640888974 0.632316254077912 0.641945084485407 0.621546829524309 0.617176987181 0.653364669768334 0.646910825757756 0.644282143032204 0.631520585112658 0.620818730181437 0.733630289532294 0.713789682539683 0.722300211848184 0.728901017117341 0.623691052644133 0.631318042740922 0.705210420841683 0.71646070192783 0.610699135390693 0.627742323901264 0.622232756577388 0.644999640348143 0.695941366933561 0.630048966917473 0.676249008723236 0.629065088757396 0.658429777916797 0.617301385930057 0.627477134146341 0.629192082358898 0.61941166694366 0.624195501935545 0.74420778695773 0.727018256583022 0.723089136421147 0.726079635499208 0.621598414795244 0.71958130212071 0.654556708884868 0.650739069178786 0.64985347025327 0.654913514540962 0.655137700438628 0.738334187971577 0.722267546787312 0.702624498705518 0.632162046502782 0.633358734997142 0.631164269780246
0.620116544210793 0.621622975036931 0.619500229955542 0.618858035579298 0.608397557802022 0 0.668500026699418 0.672647051006034 0.679020200413552 0.56302241166872 0.670954709759728 0.677826018726788 0.55697129069862 0.662890801993657 0.611238881653689 0.681149431381385 0.678992794362182 0.676677553838392 0.675911167782382 0.621063473670658 0.62375526126681 0.623637844994399 0.608283841900471 0.617958192033203 0.598488307208441 0.608663748386933 0.613688947649437 0.598546775658492 0.622431138028026 0.632768216676499 0.556824519933069 0.631281518461266 0.617502433666975 0.6336238819575 0.614975429353057 0.616760347470618 0.622558543818386 0.606197612395225 0.610610132877848 0.628301404853129 0.619382057954172 0.614942228263711 0.61734066320255 0.60715826881584 0.683112355395911 0.669331780154612 0.67748628211078 0.684868386208358 0.606044444444444 0.619518844823669 0.644011559456277 0.671344165435746 0.505523594395228 0.615516843266542 0.606982493315171 0.629306162057254 0.63548118949937 0.600223821756492 0.647815046026875 0.615888368344164 0.638120626457847 0.608350964847434 0.609291003144335 0.614529014359475 0.608703343357509 0.61040471194924 0.697820744781399 0.680389201766215 0.678504276899446 0.677925784966698 0.507428241742391 0.674246625993714 0.627078264395783 0.620127641180808 0.61088704563326 0.621750126454224 0.622495085901003 0.687071995833876 0.675628611382285 0.628222523744912 0.620995090347725 0.619156272183349 0.601111391765597
0.715348790118457 0.707932060935038 0.693792117623034 0.718507703151747 0.71886405679716 0.668500026699418 0 0.453333687368896 0.456726694915254 0.557321980909303 0.445541925548298 0.459604933110368 0.611320243737305 0.450009319168198 0.451988817228112 0.481687455311035 0.479604482531312 0.443722312120328 0.446154662703678 0.65384714326139 0.654735654581816 0.651116650557053 0.708608255332208 0.70848503236246 0.703527265355767 0.699132940670897 0.707180776753283 0.706608862227151 0.7109440267335 0.734952725036513 0.687813420361379 0.728094382136257 0.726540485274681 0.706749374004097 0.721986030974795 0.706621062841391 0.716146498442049 0.713865205034511 0.730030866521117 0.695161784219659 0.6870346533404 0.716546537135694 0.726996865203762 0.722567392792838 0.53509234828496 0.499233007140968 0.535465924895688 0.522857142857143 0.713241823763733 0.714811732364884 0.469767441860465 0.48368906455863 0.60001409890381 0.712623349993592 0.721673387096774 0.734163328826186 0.510487262596769 0.7042307203659 0.713017282384652 0.709008555611475 0.709661724411667 0.710749484299794 0.704818361453108 0.724741447891806 0.721022999823272 0.724373058565043 0.561520407887993 0.507012863519903 0.509193364903833 0.500871310133601 0.57234425639179 0.498799503970871 0.690433989973161 0.675565829247847 0.672182661361851 0.692202738895346 0.681925990155824 0.529745337252556 0.503993252326102 0.48346345695077 0.724716828478964 0.715921179271567 0.705460785303321
0.714796985659198 0.702286653713944 0.706951327995933 0.716491615070313 0.723930198401832 0.672647051006034 0.453333687368896 0 0.456774499723167 0.559531684085196 0.448811820993365 0.461356364298535 0.61120396829676 0.452844192334199 0.45894864447873 0.382599525441603 0.474142909644563 0.453388263877885 0.448416158093577 0.655294298447825 0.655153046896939 0.652407365195147 0.705125919889995 0.716422043755192 0.711906744379684 0.70303060813532 0.710860438059588 0.708054112391135 0.722309049659692 0.737983467700786 0.690950393575995 0.720984168599375 0.730866650111746 0.710078441367202 0.724329091596321 0.716623884921341 0.715738880553366 0.719938348030422 0.72982158028887 0.693116853418706 0.689519979894446 0.71852005928083 0.727050244730796 0.725064390687339 0.523286663689616 0.505042260196424 0.532656496009555 0.517975190286813 0.716537820221313 0.721546961325967 0.464913914686394 0.481518402896194 0.604484933426769 0.718456512862393 0.722853772993049 0.73794645125235 0.507413333333333 0.703066491245825 0.719660098392571 0.715853566864617 0.711983681795003 0.715133380667411 0.709658703932598 0.72204619787408 0.730202624566343 0.718905597746819 0.556796820452226 0.50173556326917 0.502159713442899 0.500828010409274 0.574644761802498 0.496033622274757 0.691400045382346 0.684135977337111 0.681302043906132 0.693058595617279 0.686389029964449 0.528333160675438 0.499790070326441 0.48473972528807 0.724981747690139 0.727724395349424 0.709123803301756
0.71776950925181 0.708286743694869 0.706064293682182 0.719293858771754 0.724112242364043 0.679020200413552 0.456726694915254 0.456774499723167 0 0.569803856930938 0.452675982072238 0.464867669953295 0.609012448579034 0.453271645736946 0.450638824014288 0.474348523495227 0.470164689864635 0.457763729751087 0.457812911725955 0.655297514115633 0.659281894576012 0.659087463998787 0.715621031242062 0.724309392265193 0.713732004429679 0.704522057900419 0.714761460251785 0.714836512943768 0.718574769292665 0.743224328795012 0.69491793345101 0.733145572962507 0.736629592013674 0.709025189201401 0.728232455258395 0.715712619784008 0.724265638475978 0.722300635144672 0.733928259839968 0.696066504460665 0.689989721477099 0.725363070539419 0.73833545076352 0.730586131331704 0.535736742821212 0.502704974000735 0.532338847226358 0.525375643585163 0.718857891686197 0.725945038703374 0.464568183024577 0.478988958082579 0.613114983065051 0.725937428404144 0.727696004806248 0.740529583174965 0.518816989813559 0.710673093910103 0.719968512201522 0.7250049990002 0.712403672524734 0.715492601492349 0.705903074832671 0.72876258442717 0.728665646864107 0.724971779756679 0.564507057342582 0.509061819707819 0.510809887829354 0.503119920297834 0.590769669733933 0.500484686525715 0.696443840853076 0.68088810394853 0.680988698431876 0.692867540029112 0.688239317105297 0.524786236470254 0.503337084827388 0.4931101302616 0.73184329482672 0.727547169811321 0.709394425506316
0.646728797182308 0.653293192430573 0.644420648168562 0.655964580946779 0.65411179666636 0.56302241166872 0.557321980909303 0.559531684085196 0.569803856930938 0 0.562390448787909 0.571887055467306 0.53871186440678 0.561263772733307 0.460873806703366 0.572323312236287 0.570360655737705 0.567389006342495 0.567042337310374 0.618163317222081 0.621306647243247 0.630593621625012 0.642706064336901 0.650200765711084 0.639876400636724 0.641936889276156 0.651640370648635 0.642779621073522 0.652201022571393 0.656920448072907 0.580491673275178 0.661906840431502 0.661341657485616 0.576463797395288 0.657037798759777 0.645450823544232 0.652053326609726 0.647875433824219 0.660375030841352 0.644743884393791 0.638464405516213 0.621343182039071 0.663112480739599 0.649837540614846 0.586611977030353 0.572420602270857 0.569005607987963 0.585448559670782 0.651994497936726 0.658226276919258 0.541904285476071 0.573136773136773 0.316146280912823 0.644444444444444 0.65313904820958 0.659826262117588 0.543971109476359 0.643031631694331 0.644343623631522 0.656196812625716 0.654587997217479 0.644180641919477 0.644606695996755 0.654809460402004 0.655915983097191 0.65361183637946 0.583457023343678 0.580797791943221 0.58049647725028 0.580938618673848 0.288375522241337 0.579341120882006 0.644890704418597 0.638407112892117 0.630166063178924 0.645756228034709 0.639526835713836 0.598491198658843 0.575276922068559 0.542680650307165 0.656114794409687 0.660729325888261 0.644318852280843
0.71636675235647 0.703240590828704 0.700604889950694 0.722414398155111 0.722791994423977 0.670954709759728 0.445541925548298 0.448811820993365 0.452675982072238 0.562390448787909 0 0.43873887935071 0.610729208788246 0.438810401039044 0.452737140810535 0.47520497745907 0.465389158682242 0.44611403068635 0.45239353270633 0.6566349921881 0.658378433575003 0.657836085502989 0.710327969036464 0.716429182820603 0.714588484634405 0.705655818168089 0.710867750828296 0.70675634976408 0.71288850797812 0.741255708345026 0.690588763570089 0.727041266480123 0.730525688460679 0.709916746899247 0.72267298291589 0.714038832977534 0.718289085545723 0.717721966749204 0.730577975461656 0.701356776258956 0.693046166218492 0.723883313400239 0.734848295667374 0.728050905234452 0.530601523509325 0.485360716166403 0.521159640598279 0.516881748749012 0.718262890634868 0.729137892067 0.468440659925492 0.473137460650577 0.606811253985495 0.723057292331249 0.724416562107905 0.739274011227678 0.512866323564705 0.704440227703985 0.718404714300747 0.722826359308444 0.710512225593432 0.720313411263534 0.71037231359096 0.722104402483583 0.725835239699339 0.727764226620062 0.545691345095196 0.50043387940782 0.49780083752535 0.497739459573126 0.580744452397996 0.501667936224423 0.694080274304155 0.682373472949389 0.681562413262345 0.690500150950991 0.688987074985399 0.522854997021728 0.506678212495736 0.496141184089805 0.731634862292936 0.719661051144961 0.705512839841198
0.716441620333598 0.710381038839954 0.708729602562819 0.725311080387122 0.723505468098671 0.677826018726788 0.459604933110368 0.461356364298535 0.464867669953295 0.571887055467306 0.43873887935071 0 0.61883039384697 0.464955525993166 0.469585715446934 0.48133156897849 0.461309908280584 0.455674818722873 0.456190525713691 0.652838372884775 0.658187119802926 0.663041851648626 0.714959129431824 0.723346226321531 0.710217672199583 0.711346339770445 0.711474756531919 0.711178128244426 0.72309525582781 0.738186751073932 0.696222932751046 0.726606916755629 0.734889068271324 0.714063021935197 0.733670835814969 0.716652485109365 0.722942855711925 0.722006569125112 0.729798912107116 0.699259407526021 0.695898616370882 0.723638411138411 0.732136268601648 0.727799467833785 0.534022750775595 0.505467737755895 0.544767550535395 0.528564022809746 0.721244992909213 0.727436867749994 0.471537051584184 0.494087270849471 0.617508833316181 0.722326925493152 0.726544735541275 0.738949896190309 0.52166041300412 0.7083343714962 0.721298741649837 0.724136229022705 0.718560919886521 0.723874447524159 0.713071992845432 0.735124663496616 0.73151105499022 0.72756767466627 0.56173214615974 0.506353684101555 0.505637782213121 0.509546230661769 0.592994746059545 0.501977715157312 0.691264835874261 0.682466934017486 0.680823041176909 0.694434808464245 0.692630841939436 0.531091451444306 0.509698081045482 0.494796644366571 0.732222552811663 0.725796035964433 0.706691744209068
0.628052695102848 0.627201217964984 0.625113315548188 0.63960466838624 0.625408900722708 0.55697129069862 0.611320243737305 0.61120396829676 0.609012448579034 0.53871186440678 0.610729208788246 0.61883039384697 0 0.603190051365234 0.545388076490439 0.621713179545088 0.611702981958349 0.611527067061675 0.605173110602182 0.602882055030543 0.610355145050085 0.616692905257181 0.619618528610354 0.623034500448891 0.610509807954341 0.618639720968404 0.62409154167311 0.614646994144271 0.633790517285663 0.654030161206448 0.576477560476267 0.648001643891914 0.637628370516517 0.634496919917864 0.63156948830522 0.62321618191707 0.63246689299505 0.618289951340079 0.63306348963902 0.63144403303902 0.627797408716137 0.62624254473161 0.638495980461993 0.625636803375701 0.635175314065304 0.613994576161963 0.628053847432275 0.634625198076975 0.619780672398703 0.636321768498618 0.586841462421627 0.614477168766552 0.50280535174795 0.622295047856846 0.621046710812262 0.638519285529381 0.590577739092591 0.619676188511911 0.651562709590879 0.630510811017793 0.65029622700343 0.614263565891473 0.619811345002185 0.636770833333333 0.617181496849547 0.623622854214707 0.654703851843735 0.625442454145661 0.620004297378599 0.618409413782936 0.496820203654009 0.620613917608614 0.623911423947389 0.620567010309278 0.615056306885381 0.639281228371485 0.627419521788635 0.63575879184708 0.617574654821792 0.578040252195699 0.635500833653969 0.628369523320057 0.617828524615345
0.71601849746039 0.70321162779082 0.704288881526974 0.722285053658046 0.718571392916864 0.662890801993657 0.450009319168198 0.452844192334199 0.453271645736946 0.561263772733307 0.438810401039044 0.464955525993166 0.603190051365234 0 0.45789124668435 0.475281552371385 0.471071334561727 0.452518404745511 0.453678438021565 0.650829523858442 0.648450098548647 0.65148937250819 0.708070569612174 0.714920362470656 0.709681499658479 0.696093276801938 0.708474920119694 0.708548277510758 0.709498053884648 0.738616596746137 0.686390846003073 0.726215751693459 0.730368968779565 0.704904995881735 0.73148732977944 0.709655225135693 0.714985083760422 0.716059078357358 0.726962970386331 0.695411815657402 0.688857531623242 0.719790390280783 0.730195292939409 0.721707428224214 0.526142499670749 0.49829702970297 0.536614580497632 0.51680971873762 0.717260246213081 0.720918521502669 0.464549699799867 0.475522819939498 0.60205373470249 0.712998976458547 0.722027928041263 0.736335387906882 0.51374478553856 0.705073566717402 0.717571952409845 0.715814596156262 0.709786276715411 0.710413912336011 0.707579857861858 0.726634556261529 0.722236225235671 0.718773637234633 0.55609414552701 0.507541398586647 0.502641031058525 0.503518806505179 0.580815520028741 0.499341516093347 0.686594706640714 0.678839521201055 0.680362293174113 0.689529046742174 0.686169671045931 0.524774072919913 0.506630880959899 0.49232809244175 0.726077189085494 0.715528358661845 0.705590406368881
0.684555488556223 0.671190303532581 0.676125995080797 0.682160640266952 0.684136967155835 0.611238881653689 0.451988817228112 0.45894864447873 0.450638824014288 0.460873806703366 0.452737140810535 0.469585715446934 0.545388076490439 0.45789124668435 0 0.466424881855149 0.471553610503282 0.459704943300672 0.46030784481097 0.62418684014077 0.624465286818822 0.627236554322907 0.675755889445372 0.682457380784037 0.668862699808394 0.6659161124784 0.675507841279865 0.66796314182046 0.681822949444095 0.705857362859115 0.634456557647836 0.698746525410395 0.698161916563404 0.660499126676337 0.694896595108909 0.673657207838574 0.682606049379449 0.68141313776516 0.690780584138863 0.659889485233852 0.658877038895859 0.671839033769329 0.699298883406907 0.690763896185773 0.52954700971671 0.494635752503773 0.525946068434172 0.520680664196514 0.682033221194281 0.686726218461056 0.448134276598696 0.478748120814541 0.510849440864993 0.676069057104914 0.688790291008743 0.704165785578346 0.480954234554857 0.665596209528823 0.685061819776846 0.68714006514658 0.680252613702701 0.677589573109598 0.66984176966071 0.686878357534174 0.686643656521284 0.686492990165307 0.549238180596012 0.500520633528799 0.498435527254762 0.506258730723931 0.487369816322666 0.488723450843004 0.661307666080936 0.64686069154255 0.645264594708106 0.669013163059692 0.656925434656238 0.523598899617024 0.500410127412916 0.457309348872561 0.689265980569304 0.689377443135609 0.676345294409743
0.720340900520401 0.71266709735129 0.711699835213589 0.729902732978271 0.725162027265278 0.681149431381385 0.481687455311035 0.382599525441603 0.474348523495227 0.572323312236287 0.47520497745907 0.48133156897849 0.621713179545088 0.475281552371385 0.466424881855149 0 0.478713934125779 0.470473581625665 0.466838818476456 0.660620305554136 0.662142547936136 0.664148750726322 0.713494704223921 0.725471484894905 0.718621800518461 0.718891232298885 0.725566375700086 0.714843652204391 0.730701533819462 0.73966815960912 0.70346172084936 0.734007242003621 0.736338865494179 0.712817326970322 0.737790624607264 0.722260247927599 0.723714582857723 0.728255664490763 0.737474450371404 0.70337329244494 0.701930308347957 0.727289230051088 0.7412315663611 0.731751549040351 0.538788021692997 0.517476824496442 0.545129676755645 0.533426147258925 0.726777884179225 0.733216432865731 0.485920539292444 0.493602658363641 0.614734636871508 0.723857041034518 0.730956970136925 0.741955100592915 0.526595744680851 0.715223097112861 0.727322820183149 0.721812592166763 0.718006103763988 0.719243221367867 0.715975140276275 0.726271791212152 0.733838206529916 0.733958761852205 0.572232042423269 0.515421737305917 0.509141536198382 0.5234774401594 0.589642997253825 0.517107676185486 0.700274124185801 0.693107276213543 0.690057890762648 0.694732351243506 0.696960486322188 0.539057656540608 0.51732621440536 0.5074413973141 0.734461716179905 0.73349098135896 0.719828558538236
0.716782253824391 0.709923286315268 0.712792547148375 0.72776850860373 0.726276740447632 0.678992794362182 0.479604482531312 0.474142909644563 0.470164689864635 0.570360655737705 0.465389158682242 0.461309908280584 0.611702981958349 0.471071334561727 0.471553610503282 0.478713934125779 0 0.46955153422502 0.471441689623508 0.658474533150155 0.662178268036009 0.65859058545299 0.711344378398887 0.724296611229211 0.71396345589894 0.71129225845169 0.721069293000352 0.71790460518114 0.722842690439225 0.736796756208819 0.698966476050574 0.736351798056696 0.738392460650318 0.713016836720353 0.73361035320033 0.719421372850976 0.724505519488721 0.725508897869029 0.735464971947768 0.700815224249766 0.696210116342937 0.728237572627502 0.736379874962787 0.72818943460593 0.542952547413456 0.514577831237089 0.538946687510107 0.536944524363769 0.7235858053506 0.731114659215647 0.482282060090373 0.489930437954303 0.615678378003055 0.72059419995944 0.729613840899459 0.742114559677012 0.530664124563076 0.712827988338192 0.724467668190725 0.720060737311129 0.719734576030797 0.727455919395466 0.715839326433959 0.729593908629442 0.731082363518306 0.734948788408693 0.561943363020639 0.511020578710958 0.514124293785311 0.517059545252826 0.591674644541361 0.505869463139771 0.697497933729056 0.689045226130653 0.692434952624455 0.697383219614606 0.695843002724246 0.532204959357959 0.515844886896695 0.503389512606843 0.732499687382768 0.726218213704121 0.718429395172362
0.71767431319719 0.706634811607187 0.703156344430055 0.719452027348544 0.720944114208969 0.676677553838392 0.443722312120328 0.453388263877885 0.457763729751087 0.567389006342495 0.44611403068635 0.455674818722873 0.611527067061675 0.452518404745511 0.459704943300672 0.470473581625665 0.46955153422502 0 0.440494100878929 0.647679000972414 0.655265641339557 0.656266605936385 0.7104841376854 0.717282491133637 0.709596914467216 0.701639674077055 0.70733309748825 0.705358710098047 0.714300105777464 0.73740823817292 0.692932918140075 0.726224058029418 0.730858929191684 0.708110554754024 0.730570730847662 0.71469923571084 0.720775426204934 0.724837805770833 0.731762121136466 0.69888051176605 0.691307186260232 0.723251162428241 0.733033932135729 0.725717745597659 0.530875213226611 0.503774825726687 0.534089060042306 0.523904749375082 0.71967287596547 0.724357687675632 0.471062076299349 0.484838160136286 0.607992721164614 0.722080571137175 0.72836906105052 0.738744226181412 0.514492753623188 0.703538928210313 0.715457197676558 0.715208411565903 0.710362747095985 0.719497365220916 0.713198417298823 0.729704891248851 0.724066911136786 0.724988694035476 0.560766217738906 0.501681378730559 0.509367435006841 0.503138212663148 0.582984807864164 0.499763816721776 0.691881407592131 0.683614677044375 0.678666868350729 0.692481713294623 0.689770651512076 0.521113641068102 0.503775167785235 0.490901248213949 0.732223256281913 0.723385491470759 0.711897170687621
0.719079046803365 0.710110289541166 0.708936645836509 0.722453274540262 0.725169187898089 0.675911167782382 0.446154662703678 0.448416158093577 0.457812911725955 0.567042337310374 0.45239353270633 0.456190525713691 0.605173110602182 0.453678438021565 0.46030784481097 0.466838818476456 0.471441689623508 0.440494100878929 0 0.655223613137752 0.660542967952643 0.657300526528959 0.709151990227018 0.719188767550702 0.703232965148535 0.707464338725503 0.711721732096362 0.711669676901465 0.720742737648333 0.741540658387944 0.697457694236912 0.726019803975913 0.733538507358964 0.71274126903266 0.734297083564197 0.710881934566145 0.722397315982107 0.72402646598313 0.733110217537901 0.703844786428971 0.691291351636482 0.72007691907905 0.735030575315113 0.729450066880347 0.536623785770543 0.501736842105263 0.528202067337692 0.528191629376152 0.721334242355377 0.728621269546447 0.465 0.484845306764552 0.61289870802843 0.716821833949751 0.723401053423627 0.740066519409958 0.514138748967245 0.710608167909976 0.715818258308793 0.718006511394941 0.711526209831554 0.714524672428213 0.715056474384833 0.726128150777639 0.729993215909947 0.726342775278357 0.565688826860624 0.503114405109201 0.510173997736187 0.505306851618327 0.583476394849785 0.492531044078654 0.688942646910594 0.684404782971408 0.677334745655847 0.696690806678737 0.682393847871881 0.527036471410452 0.501639172283564 0.492798964345434 0.732424135675104 0.724894131881428 0.71048269626802
0.661180268531879 0.656221287296291 0.655053381660379 0.6499695900742 0.646328202401953 0.621063473670658 0.65384714326139 0.655294298447825 0.655297514115633 0.618163317222081 0.6566349921881 0.652838372884775 0.602882055030543 0.650829523858442 0.62418684014077 0.660620305554136 0.658474533150155 0.647679000972414 0.655223613137752 0 0.533516578758388 0.537338739402875 0.637279845861226 0.648352185278382 0.642159383033419 0.650659501709819 0.653693251533742 0.650079162099622 0.658627268724622 0.671203722035241 0.624980803685692 0.658512720156556 0.654259678896871 0.676769336071184 0.649216323935741 0.650336546759042 0.668730726532626 0.644364902302091 0.653310696095076 0.663782691217432 0.648992732061851 0.660272729564187 0.655613728912158 0.641593570833538 0.678266846567043 0.658288892858054 0.672798948751643 0.676016436538118 0.644653625533167 0.656755702866056 0.638215049882705 0.650708092852966 0.59451465447701 0.647638380037628 0.644723703757824 0.660604268322736 0.641971481711097 0.649302827965436 0.685694617953752 0.652343085041706 0.673031262366442 0.643328085022633 0.654730143189328 0.662486368593239 0.637423761893145 0.641661379276685 0.698569570871261 0.663761467889908 0.663501786625829 0.662004840147752 0.598161298068677 0.662135329158393 0.659449541284404 0.654412486502405 0.652024876352774 0.66112453917332 0.661854552621206 0.674367215749297 0.654069175991862 0.642478246099977 0.653873402877874 0.655434011208183 0.650564510229462
0.655809644546297 0.65237303251621 0.654524897999312 0.656885094824659 0.64945076122567 0.62375526126681 0.654735654581816 0.655153046896939 0.659281894576012 0.621306647243247 0.658378433575003 0.658187119802926 0.610355145050085 0.648450098548647 0.624465286818822 0.662142547936136 0.662178268036009 0.655265641339557 0.660542967952643 0.533516578758388 0 0.547570056829316 0.634640007879445 0.644586235448833 0.639673939571436 0.637731622391585 0.651654883925732 0.639180264180264 0.660773938699373 0.674026198287984 0.626572106431286 0.665536833378039 0.654226045997453 0.67528782670377 0.653975527714132 0.646726307510814 0.66284674404879 0.643579842612053 0.657293454870766 0.663177551722443 0.653643237460796 0.656951911964223 0.659490153437236 0.650294311603937 0.687388987566607 0.657833163784334 0.674637889939496 0.67748664461969 0.651149720206241 0.650542989723282 0.640441932168551 0.654029396857577 0.596599846056022 0.65290561381863 0.640446710366594 0.66344854693296 0.64496279704436 0.648011745992903 0.684082130514332 0.651587878787879 0.672197431029807 0.642396448978591 0.652352137419481 0.661980878029498 0.645808507016221 0.639428807745639 0.697763031701185 0.669943356447967 0.667404411203541 0.665041641275645 0.594330601092896 0.656745578645556 0.650960881865184 0.653448149326027 0.647311513021405 0.661507009345794 0.650745315684782 0.680524616424299 0.659813936981926 0.63810615136205 0.650333641809946 0.651834504293521 0.652681219310613
0.661069441083958 0.661283762769444 0.65798331625933 0.650507870793819 0.65168324407039 0.623637844994399 0.651116650557053 0.652407365195147 0.659087463998787 0.630593621625012 0.657836085502989 0.663041851648626 0.616692905257181 0.65148937250819 0.627236554322907 0.664148750726322 0.65859058545299 0.656266605936385 0.657300526528959 0.537338739402875 0.547570056829316 0 0.635910468184928 0.643592594382946 0.642493823572155 0.639883038109277 0.648127018037921 0.642134181607866 0.661399220772935 0.679355675781537 0.621928070663866 0.665787372038431 0.659661760847268 0.685602986528161 0.648265518409212 0.647121951219512 0.66316868410777 0.644336648071792 0.646996712341916 0.663545476712997 0.652341770624713 0.659121503714414 0.65829675995875 0.644455217549388 0.677659735159358 0.665876059749697 0.673793873892598 0.674827116248549 0.649036013095671 0.651869891254551 0.638560358890702 0.6540279593684 0.60149703573676 0.647427577931778 0.646137535540456 0.660937614276311 0.648813628585294 0.64829880758676 0.685104881000403 0.649824358789279 0.683507449905806 0.645209180072525 0.649263851220457 0.647552036088161 0.641958919649538 0.642965788647722 0.698593504924018 0.66845593609032 0.667953862850509 0.664399435711407 0.603744255204109 0.657830476046623 0.658824668409333 0.654033843987472 0.658600392413342 0.661256038647343 0.660419662223089 0.675599155594188 0.664042654862805 0.643812968225265 0.648668245758206 0.655578152237071 0.646755126658625
0.646432219465927 0.64426383244764 0.635365076251655 0.632118836792955 0.626646159761607 0.608283841900471 0.708608255332208 0.705125919889995 0.715621031242062 0.642706064336901 0.710327969036464 0.714959129431824 0.619618528610354 0.708070569612174 0.675755889445372 0.713494704223921 0.711344378398887 0.7104841376854 0.709151990227018 0.637279845861226 0.634640007879445 0.635910468184928 0 0.61833730139449 0.617616983980133 0.623794602735068 0.630688889431172 0.615831799244259 0.645739583079954 0.654403622314639 0.610778900226469 0.649711741954317 0.636115173455443 0.673015182021005 0.621553275300297 0.637050112778268 0.647139633009518 0.625042664196207 0.624014086205649 0.64674738957792 0.638815454391114 0.644980201493659 0.638134265397131 0.631069853568209 0.720526449000253 0.710451547437849 0.713419890801745 0.718954580055823 0.638056699900056 0.638011681733356 0.696155817529472 0.709100101112235 0.602348153830759 0.626043076923077 0.628190845240978 0.647315411571544 0.688503120104774 0.625192237275723 0.681435668660651 0.635453446191052 0.66670765598485 0.621645424077109 0.638837503651056 0.638070828301747 0.61323661418278 0.624723954667896 0.732878306057551 0.711165724999367 0.710167728183917 0.711174146489717 0.608236895847515 0.707473868036749 0.645192681977423 0.642579983893404 0.639989286844732 0.655239390113625 0.642046985620147 0.72316680398472 0.709828314243091 0.688866954127487 0.633302560614159 0.634381388104741 0.629128473737815
0.648768283294842 0.645693079905797 0.646134445630032 0.632969557725445 0.626503732585231 0.617958192033203 0.70848503236246 0.716422043755192 0.724309392265193 0.650200765711084 0.716429182820603 0.723346226321531 0.623034500448891 0.714920362470656 0.682457380784037 0.725471484894905 0.724296611229211 0.717282491133637 0.719188767550702 0.648352185278382 0.644586235448833 0.643592594382946 0.61833730139449 0 0.626577401021096 0.630793627910329 0.638562359699727 0.630421239277328 0.641538942758836 0.653564387762553 0.608845505547309 0.646815370918453 0.631080856715922 0.676325126330502 0.632143544352511 0.633347883020515 0.643228029310429 0.629159834088936 0.632250829177504 0.655886346004655 0.651351934934383 0.648146312450436 0.636628114939788 0.626491215385728 0.731381381381381 0.714371708051166 0.721758888688063 0.726643251379829 0.637981337255564 0.640238785931769 0.700582721053965 0.715571107223194 0.606388222536229 0.634814363968351 0.628461907043603 0.652568049058342 0.690639993907238 0.642834721719184 0.680617512906621 0.641004784688995 0.666707207316777 0.624555375420427 0.641931911205278 0.638774465595827 0.617173438287456 0.627337542309816 0.736359222060364 0.727247676545004 0.727338869515041 0.719587319076476 0.614549111632585 0.71647356172268 0.654425566732445 0.651048832886765 0.642060644011464 0.656035352322398 0.64982675486419 0.727674493247414 0.716492912322808 0.695748177056588 0.634336249158897 0.632853497665014 0.634427173287277
0.631147540983607 0.640420510620039 0.640419947506562 0.629316960859555 0.613141468528136 0.598488307208441 0.703527265355767 0.711906744379684 0.713732004429679 0.639876400636724 0.714588484634405 0.710217672199583 0.610509807954341 0.709681499658479 0.668862699808394 0.718621800518461 0.71396345589894 0.709596914467216 0.703232965148535 0.642159383033419 0.639673939571436 0.642493823572155 0.617616983980133 0.626577401021096 0 0.616479256459031 0.602331825548487 0.604283724727465 0.635570129964073 0.652967145540135 0.601371624517788 0.644088640254636 0.63473011194828 0.66995365879944 0.621529116853066 0.625565006075334 0.639206341487137 0.62126631222813 0.625499151144162 0.642954324586978 0.634650061308393 0.639181402741903 0.631992735441011 0.618258664412511 0.723164125200642 0.702729877834196 0.712585078025931 0.72100975560696 0.616092787241754 0.63621074886481 0.692448326646691 0.704173137618356 0.594832416043239 0.625003049747481 0.620378373187362 0.652165464305667 0.684248021779508 0.616957437026641 0.671924448686392 0.638425393172229 0.655022792092241 0.611290283469531 0.625633354244077 0.633650064730453 0.61261152930425 0.631648584281556 0.734740401116775 0.712686098767292 0.710241130471952 0.714400441700547 0.602044247192522 0.705464850901613 0.650750012058072 0.635162921212414 0.632853039847465 0.645487364620939 0.648252919894131 0.720994680192998 0.706196286737992 0.683787956767885 0.631875541855313 0.626236310126888 0.615384615384615
0.63535778713169 0.6414232708591 0.641490677205829 0.628867459500849 0.623523259407164 0.608663748386933 0.699132940670897 0.70303060813532 0.704522057900419 0.641936889276156 0.705655818168089 0.711346339770445 0.618639720968404 0.696093276801938 0.6659161124784 0.718891232298885 0.71129225845169 0.701639674077055 0.707464338725503 0.650659501709819 0.637731622391585 0.639883038109277 0.623794602735068 0.630793627910329 0.616479256459031 0 0.623950188242108 0.614431853573225 0.635152040030793 0.657322236822894 0.607707012777945 0.642448154741856 0.630952380952381 0.671494988041171 0.624606209268211 0.628948963510729 0.643822323572936 0.623966244725738 0.63670197537933 0.643679553993455 0.646421032431395 0.643945588344607 0.642077154165276 0.633253012048193 0.716015712963195 0.703387917847381 0.719021065675341 0.712193041864198 0.625361620057859 0.637566518049763 0.687818223269245 0.69992753079941 0.600039424403706 0.643152718952339 0.636908041296381 0.652142303218302 0.674907355703335 0.627492636763073 0.673908141020822 0.627095940871146 0.652463641227686 0.618667440847728 0.627548686839508 0.633377199395623 0.620261061522219 0.624663978494624 0.729916189697465 0.708610930220909 0.705814478502985 0.709821987431461 0.603713510071388 0.697958366693355 0.646784244844927 0.640005792344451 0.632248121749181 0.643318525633329 0.647657347739716 0.718193038755863 0.707043943408489 0.680605827236555 0.628823373939787 0.635274013815014 0.62029020266219
0.646780234384439 0.646055335212883 0.648746742016418 0.635585683036465 0.636476515676115 0.613688947649437 0.707180776753283 0.710860438059588 0.714761460251785 0.651640370648635 0.710867750828296 0.711474756531919 0.62409154167311 0.708474920119694 0.675507841279865 0.725566375700086 0.721069293000352 0.70733309748825 0.711721732096362 0.653693251533742 0.651654883925732 0.648127018037921 0.630688889431172 0.638562359699727 0.602331825548487 0.623950188242108 0 0.617482130393974 0.646140461114602 0.665411695677684 0.615730677854724 0.654775715390565 0.641621801896231 0.679047027362848 0.633899451598096 0.635269760077944 0.649923228778241 0.623349884946106 0.644921631596606 0.652989163521247 0.653139910357126 0.651970424954567 0.651322092354857 0.63756959573953 0.724363325539885 0.709829415173734 0.72023037409848 0.722055598961615 0.630128360377815 0.639038720863032 0.694657265762211 0.704170537575012 0.607841840782862 0.639293749388633 0.637894939480713 0.649267176315918 0.688532952458682 0.637369033760186 0.673053198721015 0.635918014273013 0.665070367474589 0.62526735368462 0.640057072380354 0.651013612770542 0.623632068649665 0.633071321791966 0.741436861295127 0.717284074894302 0.713832039520113 0.711353173505069 0.61068573548757 0.70833123837297 0.656377655845882 0.642129764329357 0.648410663312207 0.652394162344711 0.656201323987539 0.723115079365079 0.710267229254571 0.686521346575519 0.643438171329262 0.63263134988757 0.633200819178412
