0	0.0857160895673158	0.0850512918201188	0.0850058614991314	0.0851113042503084	0.0778296603890621	0.0909065147779762	0.091389611302453	0.0917599286916906	0.0917754247722236	0.0909570627117703	0.0914960652170842	0.0789819294133294	0.0911377736323681	0.0881924938238181	0.092174754793799	0.0911313847737802	0.0916381266472172	0.0918153421882035	0.0843425119415566	0.0845760937234705	0.0829431532177557	0.0836404500656113	0.0842579507772383	0.0840573656363131	0.0817804794909669	0.0871714950239704	0.0802568752391568	0.0853623167389318	0.0860174094609275	0.0910459548842489	0.0849793776830056	0.082451647213592	0.0839307804768331	0.0842236216930473	0.086316325787903	0.0862015218284613	0.0843250310080118	0.0862645244584708	0.0835338239456552	0.0931883469446074	0.091547418630752	0.0914525324952224	0.0926106626452586	0.083494181492671	0.0841009437023036	0.0891091300882605	0.090795721955275	0.0860513084955524	0.08459866746733	0.0855311719282308	0.0843340811448848	0.088701340780399	0.0840539485062345	0.084637697406219	0.0823755058453237	0.0845387516181685	0.0841506331669888	0.0845939714317849	0.0844949088392718	0.0940819799428354	0.0915512108547547	0.0918928756422281	0.0911525894347137	0.0902564102564103	0.0915361462571763	0.0923643211778805	0.090929663522057	0.0889324985203875	0.084418509706756	0.0836349242252884	0.0841290377016214
0.0857160895673158	0	0.084452461624988	0.0862352957325024	0.0857053359845287	0.0786912611635089	0.0906021847724653	0.0901612529476712	0.0907309452681777	0.0919019062941836	0.0891495324584333	0.0910293130147592	0.0790002895846069	0.0898354546575512	0.0866418595501934	0.0910492333642108	0.0914540958097143	0.0905456930835145	0.0910082933216936	0.0849093882000272	0.0854276184855265	0.0845991417478373	0.0852278106108759	0.0848009862627686	0.0848304202657583	0.0858942691155975	0.0887385441416978	0.0806882780166513	0.0868510500260919	0.0866307447625315	0.0902068731355953	0.0845937461779934	0.0842936058742891	0.085477828485798	0.0858123413662291	0.0862667327714427	0.0865350262456371	0.0867487684729064	0.0870622432152939	0.0851025845258041	0.0920296352918694	0.0900863477881891	0.09166615213633	0.0926670413118345	0.0853852425601305	0.0854076429628817	0.0882020785384472	0.0902496441475966	0.0884792038785405	0.0847222995158329	0.0864698292428485	0.087196436474737	0.0877746012639181	0.0840269707861525	0.0862900260143555	0.0842332907157042	0.0842831597482903	0.0849703028686165	0.0855849724358538	0.0849826412618573	0.0932976867407599	0.091665160007232	0.0903048407902777	0.0904811857987521	0.0928118030536971	0.0898096319731754	0.0915910289505093	0.0906435963333012	0.087566401062417	0.0857512209135306	0.0858066290744052	0.0857406269207129
0.0850512918201188	0.084452461624988	0	0.0844380244114842	0.0845537820196369	0.0771624144368388	0.0867246721628949	0.089026417375297	0.0890806184428492	0.0899097262667443	0.0873663935760404	0.0892282847244268	0.0775226986332354	0.0887311691360241	0.0859885755794757	0.089391934248102	0.090253716329496	0.0887392226537752	0.088955748808199	0.0821554406986469	0.083804143126177	0.083287584749252	0.0835638841567291	0.0838202768751877	0.0825327154873691	0.0838653269679138	0.0866682195822657	0.0791107436944822	0.0849792542912357	0.0860532895009462	0.0890319769552903	0.084231796698404	0.0831158717363683	0.0838220952433278	0.0857442693114943	0.0862395781372479	0.0846874481843807	0.0840854169748977	0.0861082608267855	0.0833874376649031	0.0912448740914004	0.0883498340783808	0.0892331069556858	0.0900444431576357	0.083097300329762	0.0844719553936182	0.0868939306691235	0.0901907019042633	0.08737002282526	0.0840231556574752	0.0842172223528272	0.0852719293213241	0.0855692530819434	0.0819409834279723	0.0842772033143875	0.0832979233774245	0.0827794977640179	0.0840969741468167	0.0832612901897822	0.0846753640358732	0.0922991089477174	0.0895536986837325	0.0890674977446075	0.0893655539402584	0.0950128976784179	0.0883873425298615	0.0905866417170547	0.0886058462728629	0.0861121651362222	0.0849725761887088	0.0848890673905216	0.0842296371688719
0.0850058614991314	0.0862352957325024	0.0844380244114842	0	0.0824845298724056	0.0779563101072879	0.0919059727481275	0.0917488444816282	0.0927389870728309	0.0927676035647831	0.0921364763931626	0.0930170024407396	0.0810574399844494	0.0923811229268831	0.0887172710002478	0.0935051560738689	0.0935660248073723	0.0920511586330193	0.0928525319672019	0.0835847917923959	0.0832481136508112	0.0834361632115828	0.0834593946331957	0.0833401521970378	0.0830999129772653	0.0844983495603451	0.0854705507255393	0.0780892402084111	0.0855096583311997	0.0847001325381047	0.088978507724548	0.0829210465004728	0.0833788955713505	0.0832909932301608	0.0845544309707897	0.0868871151653364	0.0871394563472292	0.0829200965321167	0.086344449134656	0.0828312836810833	0.0939469246471998	0.0928071859572134	0.0921011890017339	0.0943619274172492	0.0836420301543256	0.0837162134194296	0.0907604781794613	0.0927544811255816	0.0831313002424398	0.0829100018192759	0.0841708716389024	0.0847423568250323	0.0887948621080469	0.0833673469387755	0.0838651365341951	0.0822864666191234	0.0839494297100454	0.0830885675553548	0.0827502469542312	0.0823481647651423	0.0950327306986339	0.0925046906942227	0.0928277540085023	0.0923274218546407	0.0927163667523565	0.0925142203957217	0.0934688925149575	0.0928962880136939	0.0896110589019917	0.0834826474074483	0.0839653454384411	0.0834891137013415
0.0851113042503084	0.0857053359845287	0.0845537820196369	0.0824845298724056	0	0.0770179914294766	0.0926936631789695	0.0934261239053754	0.0938612343245168	0.0917915531335149	0.0927634676171901	0.0929377447892415	0.0792335244703577	0.0926663109943776	0.0888029622833175	0.093613993395692	0.094125324558115	0.0928183356994648	0.0937870346405852	0.0827560394692072	0.08342026518791	0.0817201082890064	0.0830425963488843	0.084156604463959	0.0819226567031307	0.0841197347786612	0.0846505309953075	0.0791814088131232	0.0860717558328047	0.0848831794899888	0.0899032648125756	0.0831645483585944	0.0834440948299245	0.0818784274769687	0.0818617506501287	0.086744143303502	0.086479760202398	0.0826656596834571	0.0843508997429306	0.0824954390200409	0.0950464214361264	0.0919659722505334	0.092645632189218	0.0942742760040898	0.0828280773143438	0.0837132881495174	0.0913362659963437	0.0928877779598973	0.0844098277608916	0.082982086406744	0.0836235978168454	0.0844894877784742	0.0894925310519455	0.0832871827428309	0.0838383563877489	0.0814304560105537	0.0831958664503551	0.0829639500631224	0.0826099970068842	0.0827498974429098	0.0958144632294873	0.0938290303754551	0.0934164304412104	0.0932824655894674	0.0971580208868345	0.0927535840600449	0.0948862141086195	0.0932352054381492	0.0902796592311629	0.0838000655701874	0.0840227010388611	0.0843251128106554
0.0778296603890621	0.0786912611635089	0.0771624144368388	0.0779563101072879	0.0770179914294766	0	0.0845456072568452	0.0855871648469064	0.0858731087519853	0.0823455081533185	0.0846703197248687	0.0852837744611398	0.0716582192298963	0.0839224094609534	0.082077035592394	0.0864055104083606	0.0865374765238176	0.0860123376297708	0.0853666677792984	0.0755354847326333	0.0776049661780335	0.0757237565379618	0.0764723433174759	0.0772773287750801	0.0748941658949597	0.0775592877036037	0.0792048988000992	0.0716547901821061	0.0794575328175259	0.0782544403555645	0.0850953411820528	0.0773841236014917	0.0768457769288265	0.0760777049016171	0.0768365629738241	0.0804299803447496	0.0786023990687159	0.0777799920286967	0.0783880453287019	0.0763948570176769	0.0869198847471141	0.0846515035465717	0.0856824925816023	0.0857509741409848	0.0763443184463437	0.0776980960557547	0.0825783428898089	0.0849176596599277	0.0778850720278613	0.0767928014232927	0.0772690655209453	0.0783841297198431	0.0829752275025278	0.074806342690678	0.0782944832297515	0.076343817606923	0.0771409474475729	0.0759301704378996	0.0766638374357183	0.0773380692289649	0.0891144389718639	0.0859754745621066	0.0859658165131514	0.085028111913779	0.0843016882262662	0.0844342902552896	0.0869077941925624	0.0848644654193679	0.0821739286741444	0.0777313041725458	0.079024077912012	0.0754602046095563
0.0909065147779762	0.0906021847724653	0.0867246721628949	0.0919059727481275	0.0926936631789695	0.0845456072568452	0	0.0531375550028698	0.053699070764832	0.0553289899040136	0.0521690932933176	0.0530984421702181	0.0726214125361371	0.0530534717555576	0.0464277498438989	0.0555439636105662	0.0559727057902317	0.0521300371573911	0.0521693932264595	0.0897755440215828	0.0899248723660362	0.089787239861077	0.0889195959375936	0.0893889010030527	0.0901614852843309	0.0900047206486727	0.0939922632378506	0.0873666807144942	0.0922018152544063	0.0939491546511467	0.0932031636183885	0.09213839921165	0.0889904502046385	0.0910250257113473	0.0934051605819379	0.0883843068974868	0.0877010825926848	0.0910112546616942	0.0932425575101489	0.0923908529664185	0.0624212507967566	0.0591965017764416	0.0601100562752342	0.0607242461216664	0.0905197732395329	0.0911704141848284	0.0540811935159948	0.0568551765820959	0.0944861165942887	0.0900372935535428	0.0932264158748983	0.0931236220585905	0.0576809710234745	0.0891482358061971	0.0906647283898131	0.0901241488692609	0.0894765802324782	0.0914931293384332	0.0925485207828977	0.09270393351953	0.0623967280163599	0.0593443173235615	0.0605116811602104	0.0589019919010616	0.0638922465895355	0.0591413908273821	0.0615605766681088	0.0593494138926091	0.0537614096596748	0.0921890506119749	0.0916530617892028	0.0903025643841634
0.091389611302453	0.0901612529476712	0.089026417375297	0.0917488444816282	0.0934261239053754	0.0855871648469064	0.0531375550028698	0	0.0538469927476962	0.054550371208024	0.0527644941163827	0.0540412955133205	0.072516077170418	0.0534551263670995	0.0480979770580738	0.0434048127973523	0.0555933332408165	0.0534821635316072	0.0526369499550984	0.0891958774100563	0.091487898789879	0.0909554850913842	0.0896316452097632	0.0900980299106477	0.0906431563302257	0.0915002001739442	0.0943020651903459	0.0889590311775316	0.0916545215287309	0.0943271948843208	0.0935277295725075	0.092311982262606	0.0901737242128121	0.0916162194589878	0.0933543225525071	0.0875476997716085	0.0884061162416219	0.0912715446080697	0.0938643084383277	0.0928040452340712	0.0608553115168622	0.0604230633372279	0.0601184584931337	0.0600743098258903	0.0914974533106961	0.0920906358508433	0.0535805918239353	0.0568405377343024	0.0946070069544679	0.0913643011351766	0.093241260131938	0.0941558906502843	0.0573015300447891	0.0892852319079391	0.091707430066357	0.0909097088170523	0.0902331107378426	0.0912475018999634	0.0934192986751544	0.0921358135977491	0.062479756429358	0.0586491739552965	0.0596591678172121	0.059089055064582	0.062047569803516	0.0589715226159803	0.0616972635954278	0.0589699971190649	0.0538044131794132	0.0922632494078668	0.0935146817912749	0.0907960878592503
0.0917599286916906	0.0907309452681777	0.0890806184428492	0.0927389870728309	0.0938612343245168	0.0858731087519853	0.053699070764832	0.0538469927476962	0	0.0543790202869866	0.0531851771940234	0.0541153196224704	0.0717210802095929	0.0535562618153922	0.0472380265293741	0.0548126857174596	0.0544898642988776	0.0539675592877267	0.0541660399031821	0.0907753974116939	0.0926066757003401	0.0914656645029039	0.0900182129556637	0.0909964165519872	0.091640307888628	0.0918077136514983	0.095259300926577	0.0888498355982442	0.0931257386129027	0.0954764502009086	0.0932197146435501	0.0934113241584781	0.090626448850465	0.0925126137983986	0.0941128888523287	0.0887195643496607	0.088596394204181	0.0927518936568711	0.095067845278982	0.0937323117277559	0.0621788131451505	0.0600865990083458	0.0599903504949262	0.0610374923884363	0.092243687834736	0.0929926019985645	0.0536202821743178	0.056564130733315	0.0947313781468985	0.0922523961661342	0.0946653079772511	0.0944257291756644	0.0587520014501073	0.0902356810829913	0.0934156265840994	0.0914026222343622	0.0899873692303468	0.0926412614980289	0.0938870895002255	0.09352266176188	0.0633729363255594	0.0596521860595055	0.0608568977958095	0.0596202998783538	0.0676547515257193	0.0593276649987118	0.0616221714413109	0.0597824590389646	0.0550993297506189	0.0937719310316357	0.0937841615121702	0.0913422643941367
0.0917754247722236	0.0919019062941836	0.0899097262667443	0.0927676035647831	0.0917915531335149	0.0823455081533185	0.0553289899040136	0.054550371208024	0.0543790202869866	0	0.055539436142947	0.0552563286490722	0.0697838345864662	0.0550233296932393	0.0274335737624067	0.055854182955434	0.0556921563806245	0.0559797064328638	0.055716744529137	0.0909046165961217	0.0923691824824677	0.0912180600347309	0.0904561883364267	0.0907578648661872	0.0927007299270073	0.0893427714693015	0.0965174385657617	0.08326993972731	0.096135767651279	0.0932770237281515	0.0950580307001123	0.0944887634983947	0.0908222265778126	0.0929784327120132	0.0942007868279178	0.0895462921460232	0.0896251903522129	0.0927501234838922	0.0968592780735603	0.0939208984375	0.0623437656234377	0.0608930658356057	0.0612871844759613	0.0614227358772541	0.0939884336880984	0.0911332454469996	0.0561308603812468	0.0573842333349565	0.0942280945757997	0.0910729948348115	0.0931653778997256	0.0943554764729142	0.0572246065808297	0.0915558154265945	0.0914238297456924	0.0922109933448361	0.0912524366471735	0.0927083846191719	0.0956031958711726	0.092072956857243	0.0616392254323289	0.0613115075475397	0.0607638044271467	0.0611741128165021	0.0637450199203188	0.0609217171717171	0.0640029325513196	0.0619054552514074	0.0533800949961338	0.0907604451386177	0.0934430255402751	0.0929014167650531
0.0909570627117703	0.0891495324584333	0.0873663935760404	0.0921364763931626	0.0927634676171901	0.0846703197248687	0.0521690932933176	0.0527644941163827	0.0531851771940234	0.055539436142947	0	0.0507304152758821	0.0717287866772403	0.0515772849371651	0.0474720372405767	0.0555396409668795	0.0540977763154287	0.0523517217241473	0.0530999623595203	0.0898146777384493	0.0907862207612269	0.0908363156903371	0.0892654082328861	0.0895513387472863	0.0898892151628403	0.0901431492842536	0.0939793182688625	0.0873303167420815	0.0916628249724096	0.0938080579324935	0.0921024135524701	0.0915771090811391	0.0896237798991741	0.091139973861845	0.092845123510803	0.0885711483494928	0.0882948507128005	0.0918133129303749	0.0940105931324419	0.0926411454654132	0.0613917892566184	0.0577080509441306	0.0582698170731707	0.0598247435879198	0.0911407002158843	0.09268699412953	0.0533485476009354	0.0562188048023742	0.0976522842639594	0.0909610039353826	0.0930260945044215	0.0932451135464919	0.0582208525328552	0.0885253339382698	0.092176101644728	0.0910635611433483	0.0899281547104581	0.0904791666666667	0.0926779761264652	0.0925890877629373	0.060840108401084	0.0590074890955476	0.0594042838018741	0.0585872427320114	0.0631198520759791	0.0592813732807336	0.0608382431342529	0.0598294069861901	0.0554812734917027	0.0924913752283028	0.0916571459659431	0.0896925444042541
0.0914960652170842	0.0910293130147592	0.0892282847244268	0.0930170024407396	0.0929377447892415	0.0852837744611398	0.0530984421702181	0.0540412955133205	0.0541153196224704	0.0552563286490722	0.0507304152758821	0	0.0729513496040084	0.0542139695978449	0.0483243813227008	0.0554368487505723	0.0525100135374653	0.05312979820136	0.0526495913701762	0.0905977285493129	0.0918296813437478	0.0906219164565288	0.0903650549420624	0.0897808525735495	0.0910797100463763	0.0916814625755978	0.0943599009361225	0.0888517840063546	0.0918844410339487	0.0948874380598766	0.0946306588644321	0.0933771209633278	0.0903104164389551	0.0920355682410736	0.093421901376556	0.0885284652407941	0.0888984235512311	0.0925925925925926	0.0942986768547911	0.0930618109474731	0.0622943077672339	0.0599622930214766	0.061274585720923	0.0611906828703703	0.0916582530630066	0.0930155577623304	0.0536424601863952	0.0582374268684593	0.0958780204160744	0.0911107689723707	0.0939210104471837	0.0938169838735201	0.0584743336698257	0.0896194336389108	0.0927143698710835	0.0917836357411845	0.0906200208779737	0.0925918076102469	0.0937182967289079	0.0930626523613426	0.0628007972646691	0.0593603798617415	0.0593990597533556	0.0597718287895161	0.0662702516373664	0.0592417704686694	0.0618363262356146	0.0598925693822739	0.0545870725200097	0.0933099318604171	0.0929299080943418	0.0902672752770369
0.0789819294133294	0.0790002895846069	0.0775226986332354	0.0810574399844494	0.0792335244703577	0.0716582192298963	0.0726214125361371	0.072516077170418	0.0717210802095929	0.0697838345864662	0.0717287866772403	0.0729513496040084	0	0.0715631491650429	0.0667920803144033	0.0730836478912364	0.0722390317700454	0.0725211140480949	0.0714779116465863	0.0775584173977194	0.0783518533538811	0.0765577111314366	0.077976380466007	0.0785525013568305	0.0775777049597557	0.0791044533359357	0.0831865551152209	0.0740567765567766	0.0816918116050992	0.0819448260258254	0.0832876396063605	0.0794648433121428	0.078226295787692	0.0778866227718003	0.0800324466718068	0.0795718511338759	0.0798834812807322	0.0792984285107533	0.0814974324995859	0.0786964980544748	0.0761965283702143	0.0736136746649546	0.0746241391278931	0.0754008229890553	0.0778884430304871	0.0800246229609111	0.0703374659104218	0.0726299817597779	0.0846318362358692	0.0779322256950157	0.0796809214240777	0.0793039364757561	0.071585155801451	0.0775837366276108	0.0796473664789591	0.0775307852230929	0.0788644547325102	0.0787829574267106	0.0779161457832483	0.0791952674136351	0.0776690664011641	0.0743666463905831	0.0747700983690602	0.073163488088358	0.0723697755816347	0.0737306632254775	0.0754964713605777	0.0734316627043812	0.0696106231412961	0.0802786397724334	0.0794535643099061	0.0782157509452176
0.0911377736323681	0.0898354546575512	0.0887311691360241	0.0923811229268831	0.0926663109943776	0.0839224094609534	0.0530534717555576	0.0534551263670995	0.0535562618153922	0.0550233296932393	0.0515772849371651	0.0542139695978449	0.0715631491650429	0	0.0480432003671047	0.0551178366961258	0.054849376997028	0.053508484301992	0.0534979705074414	0.0898798047339705	0.0909675012435749	0.0906664664446022	0.0888593083589144	0.0896676202152296	0.0908325982221619	0.0898809441310585	0.0942288728536322	0.0884270841739973	0.0920406856817697	0.0946553722200761	0.0928900495183661	0.0935582193185079	0.0896308116143638	0.0913120931825968	0.0933444783973033	0.088213100983784	0.0888062384204851	0.0914367443330173	0.0938570160233374	0.0923438363736871	0.0610218999747936	0.0596763639338005	0.0604127725856698	0.0599544557902065	0.0912257976547587	0.0924211484864372	0.0530474688082604	0.056393298664947	0.094033381521882	0.0902112666209924	0.0931716787838731	0.0939506030685973	0.0579436428193699	0.0891586551518114	0.0917855238147333	0.0901137776078019	0.0897699824330259	0.0917177349731803	0.0926806603257899	0.0924738857699752	0.0624632952691681	0.0600092257370106	0.0597222222222222	0.0592323779062616	0.0617348723329836	0.0594311742537212	0.0614163359097556	0.0597846319301777	0.0550771926644309	0.0927942188575361	0.0918251686387261	0.0903209003303588
0.0881924938238181	0.0866418595501934	0.0859885755794757	0.0887172710002478	0.0888029622833175	0.082077035592394	0.0464277498438989	0.0480979770580738	0.0472380265293741	0.0274335737624067	0.0474720372405767	0.0483243813227008	0.0667920803144033	0.0480432003671047	0	0.048462511231655	0.0490143534258964	0.0473060574729621	0.0476949485041687	0.0870786975771537	0.0882046619275914	0.0863107874195761	0.0856385487307085	0.0859792236550736	0.0864583670955823	0.0871593909303754	0.0917498587304577	0.084591775250433	0.0893831877729258	0.0914384014820696	0.0916853596530581	0.0897234623624262	0.0861245578863299	0.0879841340086214	0.0897919056201868	0.0843860966948921	0.0845394627893883	0.0884372643194539	0.0911666215667704	0.0893318537167086	0.0571874164512967	0.0543437382474614	0.0553865224250619	0.0560195275041409	0.0877238854752255	0.0891214010092015	0.0475766969897172	0.0505735226451062	0.0898042414355628	0.0869331632053456	0.0897490744549568	0.0910794473229707	0.0526390591412177	0.08496912129415	0.0888959942282782	0.0871271457476666	0.0865360976808981	0.0876995098122361	0.0890101095885937	0.0884595831215048	0.0574846747083251	0.0541595470231514	0.0548299474634439	0.0547756720011794	0.0585988651243998	0.0530627821624606	0.0564695086343538	0.053996465205398	0.0492731203965757	0.0883588729609491	0.0890764104179446	0.0874643687952558
0.092174754793799	0.0910492333642108	0.089391934248102	0.0935051560738689	0.093613993395692	0.0864055104083606	0.0555439636105662	0.0434048127973523	0.0548126857174596	0.055854182955434	0.0555396409668795	0.0554368487505723	0.0730836478912364	0.0551178366961258	0.048462511231655	0	0.0550594819585455	0.0544501023966347	0.0537115310238134	0.0901246868988804	0.092452224409174	0.0921393089897746	0.091612176493214	0.0919012338878484	0.0912691874673917	0.0924640277700017	0.0939630982426988	0.0896519500959063	0.0931830558023559	0.0949081489115751	0.093103448275862	0.0939217744385824	0.090999310820124	0.0925189485790298	0.0940308842877917	0.0888906470266694	0.0893931567852805	0.0924564474451947	0.0950066001447774	0.0935153060513593	0.0624396045491712	0.0611385319583081	0.0614757293664531	0.0615097584794555	0.0921360694119268	0.0937299974953385	0.0553308397123637	0.0576243224133868	0.0967221576977675	0.0914261950745028	0.0941149386798376	0.094114750774756	0.0590066840238128	0.0904042068264821	0.092426816969898	0.0914802922940655	0.0905855912098888	0.0920121334681496	0.0939817376867736	0.0941482553286215	0.0641340600341658	0.0597497994737064	0.060113387733759	0.0609417325446404	0.0631084543125534	0.0607619881760455	0.0624385654506137	0.0607031195720141	0.0560636882274667	0.0931793882000084	0.0933895607004217	0.0920609162401698
0.0911313847737802	0.0914540958097143	0.090253716329496	0.0935660248073723	0.094125324558115	0.0865374765238176	0.0559727057902317	0.0555933332408165	0.0544898642988776	0.0556921563806245	0.0540977763154287	0.0525100135374653	0.0722390317700454	0.054849376997028	0.0490143534258964	0.0550594819585455	0	0.0548597403319525	0.0550143823909509	0.0905036470996874	0.0929988233316523	0.0918101889207312	0.0912386581778508	0.0915609830306886	0.0923623935393181	0.0921448663853727	0.0944679849340866	0.089599275898955	0.0935869345864445	0.0956210402651712	0.0943653661774467	0.0937400258114652	0.0910117027906655	0.0927339730218328	0.0943575713809577	0.0891501400075055	0.0892997143977152	0.0928156215548057	0.0949596946477911	0.0929591651161815	0.0628654970760234	0.061098553658841	0.0610172946359973	0.0629775461810943	0.0922110134966605	0.0934399619383457	0.055116793204759	0.0575839766325892	0.0951711803781298	0.0915853848440663	0.0943716268311489	0.0947311125625953	0.0597586713158378	0.0905140302955053	0.0926844174062809	0.0928585317074526	0.0909514925373134	0.0921906258931123	0.0943252066402723	0.0948368615943548	0.063539744992082	0.0598099299593312	0.0610957579107365	0.0609543327148356	0.065775950668037	0.0600374202069117	0.0622963307799738	0.0606782883424434	0.0560495078392531	0.0940926974914195	0.0931872286794566	0.0925652422287554
0.0916381266472172	0.0905456930835145	0.0887392226537752	0.0920511586330193	0.0928183356994648	0.0860123376297708	0.0521300371573911	0.0534821635316072	0.0539675592877267	0.0559797064328638	0.0523517217241473	0.05312979820136	0.0725211140480949	0.053508484301992	0.0473060574729621	0.0544501023966347	0.0548597403319525	0	0.0518457975752622	0.090146721937384	0.0914400375110327	0.0905804515380942	0.0893665771848478	0.0896770159317057	0.0902462800741954	0.0905549943960925	0.0944078844774351	0.0889118468417569	0.0918015576898523	0.094878791637381	0.0929906542056075	0.0932776777432204	0.0902476211219864	0.0923347090496625	0.0938064357248399	0.0891177055797163	0.088691872498965	0.0925520988635987	0.0946779222968228	0.0927847822496284	0.061594149477316	0.0600775721284703	0.0604452799701697	0.0608651039107437	0.0914864073837106	0.092577555121253	0.0540554076872443	0.0573499787592672	0.0960147310272261	0.0916148851497591	0.0941706193716918	0.0937710945466558	0.0584281671483622	0.0890558521449283	0.0916128503747798	0.0913878013178179	0.0906570082708003	0.0922609394610298	0.0929024340355901	0.0929877631470886	0.0625772558714462	0.0591042737901147	0.0606517516334543	0.0592618346422339	0.0655398413245947	0.0593914253671851	0.0608583929439545	0.0598421624297086	0.0547946238667733	0.0935662067828286	0.0925798125629737	0.0913228901828919
0.0918153421882035	0.0910082933216936	0.088955748808199	0.0928525319672019	0.0937870346405852	0.0853666677792984	0.0521693932264595	0.0526369499550984	0.0541660399031821	0.055716744529137	0.0530999623595203	0.0526495913701762	0.0714779116465863	0.0534979705074414	0.0476949485041687	0.0537115310238134	0.0550143823909509	0.0518457975752622	0	0.090237190229016	0.0915692476963279	0.0898620961923302	0.0903851883955901	0.0905098209323447	0.0912224264705882	0.091430424821266	0.0949299149022231	0.0890162507254788	0.0919097880528594	0.0947028512538647	0.0940727656338166	0.0940902656794426	0.0896843621343262	0.0922300293335152	0.0938861348955986	0.0891664535197658	0.0889236321560417	0.0915818226967966	0.0948170688954019	0.0936316955989042	0.0620517502908561	0.0598131984664328	0.0593873885034688	0.0612340585146287	0.0919638611507371	0.0933444008451555	0.0530656507284221	0.0571715900228494	0.0981308411214953	0.0905030657748049	0.0933954368971999	0.0940718322384463	0.0575623993861616	0.0903705007718766	0.0919614629892075	0.0907507924199757	0.0909799524109072	0.0918003941441441	0.0940552248361918	0.0930658931698775	0.063427745476987	0.0590513405273112	0.0608293119340672	0.059436608212613	0.0628990509059534	0.0584604996623903	0.0613806487385639	0.0591878729679676	0.054724646403852	0.093385720946817	0.0931423850179014	0.0908805289183947
0.0843425119415566	0.0849093882000272	0.0821554406986469	0.0835847917923959	0.0827560394692072	0.0755354847326333	0.0897755440215828	0.0891958774100563	0.0907753974116939	0.0909046165961217	0.0898146777384493	0.0905977285493129	0.0775584173977194	0.0898798047339705	0.0870786975771537	0.0901246868988804	0.0905036470996874	0.090146721937384	0.090237190229016	0	0.0806046549925893	0.0809164457135088	0.0814272396881798	0.0820521503555706	0.0804493017607771	0.0840519616486666	0.0849270061680563	0.0771000225203488	0.0846077808373932	0.0845968084960415	0.0885513107884222	0.0809815617484408	0.0828115258464124	0.0810842093795958	0.0816370988604027	0.0841343427469661	0.083998625901752	0.0815331928345627	0.083965300125927	0.0823920949701503	0.0920535069756478	0.0901260732529073	0.0898240232983238	0.0914290247666855	0.0832948683138746	0.0831973563328717	0.088573510085138	0.0900206394117085	0.0860645161290322	0.0810523093193805	0.0830516129915279	0.0834869991566248	0.087646740925331	0.0817699258478869	0.083733554645515	0.0810353957068959	0.0834959671365988	0.0823365707619436	0.08046875	0.0817096681570204	0.0925327836925474	0.0902688949446638	0.0900712872360611	0.0897163844113447	0.0931313479084179	0.0896608521898796	0.0913772787135233	0.0900959650736556	0.0879093578257923	0.082591452991453	0.0832301809979644	0.0828333378787466
0.0845760937234705	0.0854276184855265	0.083804143126177	0.0832481136508112	0.08342026518791	0.0776049661780335	0.0899248723660362	0.091487898789879	0.0926066757003401	0.0923691824824677	0.0907862207612269	0.0918296813437478	0.0783518533538811	0.0909675012435749	0.0882046619275914	0.092452224409174	0.0929988233316523	0.0914400375110327	0.0915692476963279	0.0806046549925893	0	0.082443041977753	0.0832253665189226	0.0836157188533326	0.0826467664401563	0.0838232228476131	0.0850034231654945	0.0764919007619945	0.0849353497379813	0.0833909173830123	0.0899102369156816	0.0831253941703913	0.0822142603178077	0.0823064227754091	0.0831820057779612	0.0858372468133092	0.0857198357198358	0.082759533898305	0.0839953238119384	0.0821733771000401	0.0937240663900415	0.0913153920087876	0.0912378108524239	0.0925705492974103	0.0837158949200389	0.0839246932536554	0.0897252866104261	0.0917478676125542	0.0864661654135338	0.0821578799775659	0.0837001051873997	0.0848070508396596	0.0877719486566984	0.0842286820648469	0.084616651568805	0.0814658780584869	0.084121282188915	0.0830515428910992	0.0814470631837586	0.0825638127790947	0.0944131623486525	0.0926587885669429	0.0926153930340091	0.0909658817876021	0.0996615905245347	0.0913156100886162	0.0930960297281439	0.0917485129340158	0.0888514692273851	0.0833333333333334	0.0829583062159879	0.0840948501279899
0.0829431532177557	0.0845991417478373	0.083287584749252	0.0834361632115828	0.0817201082890064	0.0757237565379618	0.089787239861077	0.0909554850913842	0.0914656645029039	0.0912180600347309	0.0908363156903371	0.0906219164565288	0.0765577111314366	0.0906664664446022	0.0863107874195761	0.0921393089897746	0.0918101889207312	0.0905804515380942	0.0898620961923302	0.0809164457135088	0.082443041977753	0	0.0813447558306083	0.0785070262366989	0.0798455254963808	0.0832793081093011	0.0855254965444244	0.0762555243069506	0.0838076226073168	0.0844219105903016	0.0902063753036735	0.0818316381265363	0.081869442637172	0.0813874327728232	0.0827280284550076	0.0844645871455523	0.0841537192355286	0.0818505631503438	0.0836976933210012	0.0816217181639578	0.093572695035461	0.0897908393624545	0.0910100319905581	0.0925818896386308	0.0810067997665549	0.0834042377998573	0.0888393238890631	0.0903820384499685	0.0887180149909538	0.0812086611432152	0.0823786254944634	0.0844796244077695	0.0875956867640203	0.0807327184584015	0.084133469526728	0.0801558321682119	0.0819868056219524	0.0817408422976869	0.0813178157719625	0.083663190652981	0.0939902791098396	0.091881292762975	0.0911686902258699	0.0911770712778269	0.0951890034364261	0.0901953636572292	0.0921418250527953	0.0906414286302555	0.0881813121511636	0.0833995179930985	0.0826791679841625	0.0816408702535965
0.0836404500656113	0.0852278106108759	0.0835638841567291	0.0834593946331957	0.0830425963488843	0.0764723433174759	0.0889195959375936	0.0896316452097632	0.0900182129556637	0.0904561883364267	0.0892654082328861	0.0903650549420624	0.077976380466007	0.0888593083589144	0.0856385487307085	0.091612176493214	0.0912386581778508	0.0893665771848478	0.0903851883955901	0.0814272396881798	0.0832253665189226	0.0813447558306083	0	0.0818741762823099	0.0811319743208289	0.0828736466047059	0.0853966688750906	0.0771660721997409	0.0835358402045202	0.084482101018907	0.0896261840734549	0.0823413501768024	0.0820449280827452	0.082217080694918	0.0838635440638961	0.084658058883992	0.0856514973656193	0.0824960727843959	0.0852547699838683	0.083458328788044	0.092107574737212	0.0900114810562572	0.091668459717825	0.0907736176188224	0.0824887463273942	0.0837874288205324	0.0878597874966309	0.0894453046478146	0.0888803876562102	0.0840215812409214	0.0850296139968684	0.0849510429970201	0.085756074264223	0.0823939125533457	0.082997620721354	0.0810382285074285	0.0824576409253829	0.0820798592198433	0.0821090830601535	0.0827701327253481	0.0930706631214245	0.0904847396768402	0.0899964966178888	0.0903607940715098	0.0924628268672022	0.0893091972840235	0.091707936157592	0.0904956705529419	0.0865611997485557	0.0827654548909945	0.0835461360936242	0.0819477595746989
0.0842579507772383	0.0848009862627686	0.0838202768751877	0.0833401521970378	0.084156604463959	0.0772773287750801	0.0893889010030527	0.0900980299106477	0.0909964165519872	0.0907578648661872	0.0895513387472863	0.0897808525735495	0.0785525013568305	0.0896676202152296	0.0859792236550736	0.0919012338878484	0.0915609830306886	0.0896770159317057	0.0905098209323447	0.0820521503555706	0.0836157188533326	0.0785070262366989	0.0818741762823099	0	0.0808907447936947	0.0845764663942743	0.0867382351580214	0.0780709619572179	0.0845996760791493	0.0849978837568095	0.0900862592637589	0.0828926905132192	0.0822057335581787	0.0813556335641967	0.084513730598068	0.0852896803575709	0.0856207987076106	0.0833784249102267	0.0858227636849133	0.0835984543331922	0.0929916962530443	0.090241293397606	0.0903709064034858	0.0913916786226686	0.0821929836411039	0.0835164235319805	0.0882578773745877	0.0896461212055272	0.0845672708705643	0.08232370086263	0.0847678237995938	0.0841346837747874	0.0871997367555117	0.0832078718141736	0.0833401034473421	0.0816394107311799	0.0836233617923758	0.0844054144758921	0.0817499492866319	0.0837492011259026	0.0940861515635332	0.0906798564639705	0.0904888516978891	0.089636954754809	0.0918666896908996	0.0899113663568748	0.0916635622335361	0.090069157805538	0.086996913302766	0.0841031222365826	0.0826111916021979	0.0831272924874338
0.0840573656363131	0.0848304202657583	0.0825327154873691	0.0830999129772653	0.0819226567031307	0.0748941658949597	0.0901614852843309	0.0906431563302257	0.091640307888628	0.0927007299270073	0.0898892151628403	0.0910797100463763	0.0775777049597557	0.0908325982221619	0.0864583670955823	0.0912691874673917	0.0923623935393181	0.0902462800741954	0.0912224264705882	0.0804493017607771	0.0826467664401563	0.0798455254963808	0.0811319743208289	0.0808907447936947	0	0.0835178957154185	0.0846027456159208	0.0768991679683764	0.0838531518524229	0.083807359425181	0.0886344974158334	0.0835578425561722	0.0826151260504202	0.0813353852799827	0.0815174125996788	0.0837020182867737	0.0849312454856427	0.0813202407555418	0.0841540272872082	0.0818396033670217	0.0927751371115174	0.0900596394645942	0.0908923643054278	0.0925679732395575	0.0814510378970309	0.0827199629937008	0.0882869485163941	0.0903356505006978	0.0827319913913154	0.0814782632682335	0.0832382272220864	0.0836820379428312	0.0880618354034493	0.0811608756778469	0.0838193206976618	0.0818574834008969	0.0821750792489637	0.0819563642443156	0.0809768464204323	0.0829099432318552	0.0943780902844668	0.0908495831323641	0.0907660444348808	0.0913112185634404	0.0929045431342521	0.0902545210984594	0.0918548609198568	0.0906429563465048	0.0877834128878282	0.0832327533598232	0.0821843077888248	0.0821504445136061
0.0817804794909669	0.0858942691155975	0.0838653269679138	0.0844983495603451	0.0841197347786612	0.0775592877036037	0.0900047206486727	0.0915002001739442	0.0918077136514983	0.0893427714693015	0.0901431492842536	0.0916814625755978	0.0791044533359357	0.0898809441310585	0.0871593909303754	0.0924640277700017	0.0921448663853727	0.0905549943960925	0.091430424821266	0.0840519616486666	0.0838232228476131	0.0832793081093011	0.0828736466047059	0.0845764663942743	0.0835178957154185	0	0.0851957706664168	0.0783836971017793	0.0849923648870431	0.0856676619679189	0.0900766349190804	0.0841043645876359	0.0832738111590341	0.0832562442183163	0.0847367622515551	0.0873742649057792	0.0856281672885226	0.0828750851427907	0.0856779301569348	0.0840009441428432	0.094597207144238	0.0908646295428871	0.091644456913078	0.0920780544633756	0.0834180589140471	0.0851119931166561	0.0891809061207969	0.0912248173566527	0.0855305466237942	0.0837139363959584	0.0850769701011448	0.084480122324159	0.0887610780624014	0.0837883702152701	0.0841218030822626	0.0832758905922576	0.0832527490744323	0.0832352148440271	0.0826866617965294	0.0833783577850741	0.0944409143490232	0.0916571557396683	0.0917637202658902	0.0910037369516954	0.0914153529814942	0.0915519929964709	0.0927370062808245	0.091127497951645	0.0890436029221126	0.0846244212563058	0.0838806882090734	0.0840487744183153
0.0871714950239704	0.0887385441416978	0.0866682195822657	0.0854705507255393	0.0846505309953075	0.0792048988000992	0.0939922632378506	0.0943020651903459	0.095259300926577	0.0965174385657617	0.0939793182688625	0.0943599009361225	0.0831865551152209	0.0942288728536322	0.0917498587304577	0.0939630982426988	0.0944679849340866	0.0944078844774351	0.0949299149022231	0.0849270061680563	0.0850034231654945	0.0855254965444244	0.0853966688750906	0.0867382351580214	0.0846027456159208	0.0851957706664168	0	0.0803720639817824	0.0852649138136469	0.0871121718377088	0.0925729864217464	0.0848319120009887	0.0849052242256125	0.0838414634146342	0.0849181948800346	0.0883104439476206	0.0892451184952197	0.0829564519658619	0.0854194564789287	0.0835276197581523	0.0974039887918247	0.0949687776004463	0.0947574415490782	0.0956825386608307	0.0842717456786691	0.0847902910815587	0.0927099454264071	0.0951438988441549	0.0833333333333334	0.0849112843763237	0.0846368452399612	0.0850694722031242	0.0923636548636548	0.0855374312659356	0.0864313846629083	0.0839892568270381	0.0857087499031233	0.0847641524376722	0.084020882860206	0.0848777218386146	0.0994046032169199	0.0956187185929648	0.0946595192485942	0.0938418236367573	0.0943854597804571	0.0938803466161826	0.0976454185139348	0.0948273179838208	0.0928044946136797	0.0845059509050334	0.0851767672836528	0.0868443546507111
0.0802568752391568	0.0806882780166513	0.0791107436944822	0.0780892402084111	0.0791814088131232	0.0716547901821061	0.0873666807144942	0.0889590311775316	0.0888498355982442	0.08326993972731	0.0873303167420815	0.0888517840063546	0.0740567765567766	0.0884270841739973	0.084591775250433	0.0896519500959063	0.089599275898955	0.0889118468417569	0.0890162507254788	0.0771000225203488	0.0764919007619945	0.0762555243069506	0.0771660721997409	0.0780709619572179	0.0768991679683764	0.0783836971017793	0.0803720639817824	0	0.0791647851755222	0.0788186147819444	0.0865081886716155	0.0752027287939245	0.0771801323866459	0.0765105642875548	0.075483548870243	0.081384447978572	0.0810220164107563	0.0766999460334593	0.0773136949534444	0.0763618361251786	0.0902474399748366	0.0878107973448625	0.0879605034165644	0.0901629553792338	0.0768891172079433	0.0779318734793187	0.0859368456319625	0.0886916704420426	0.0301195814648729	0.076604077871213	0.0765865041809815	0.0776041402404992	0.0857172888600809	0.0775412164642418	0.0783338964235726	0.075872363648037	0.0789528795811518	0.0775017058030588	0.0760317562355362	0.0755407304505145	0.0907144228922604	0.089194136174002	0.0895131026076915	0.0878217311471186	0.0882234321435773	0.0878625065765349	0.0906606931862938	0.0881437533433838	0.085494750017384	0.076236052405707	0.0784176525149302	0.0783017802094934
0.0853623167389318	0.0868510500260919	0.0849792542912357	0.0855096583311997	0.0860717558328047	0.0794575328175259	0.0922018152544063	0.0916545215287309	0.0931257386129027	0.096135767651279	0.0916628249724096	0.0918844410339487	0.0816918116050992	0.0920406856817697	0.0893831877729258	0.0931830558023559	0.0935869345864445	0.0918015576898523	0.0919097880528594	0.0846077808373932	0.0849353497379813	0.0838076226073168	0.0835358402045202	0.0845996760791493	0.0838531518524229	0.0849923648870431	0.0852649138136469	0.0791647851755222	0	0.0863611829209397	0.0920682334353707	0.0833874611691613	0.0834870134440768	0.0837198450182415	0.0843113992344957	0.0878118861230832	0.0878141812074805	0.055609788938634	0.0847940529908596	0.0840243503491829	0.0950317429051956	0.091465996668831	0.0947493654822334	0.0933879018361162	0.0832429844693823	0.0838960449412699	0.0906448359731862	0.0930707388659662	0.0860048924938844	0.0839997123543794	0.0851072924681542	0.0844721960414703	0.0890278815036096	0.0844541582604798	0.0845252200406229	0.0823975592186109	0.0850295841236588	0.0850106662409845	0.0844140215760115	0.0835062830499801	0.0962416840432926	0.0938542985383819	0.0934552427143401	0.0925423537224648	0.0943527367506516	0.0930258654547494	0.0947359359531701	0.0921088203070531	0.0904692450048619	0.0833593107943436	0.0845728614577991	0.0841814316087881
