0 403208.599361228 403208.599361228 330154.218617388 330154.218617388 330154.218617388 1807967.57443553 1807967.57443553 1807967.57443553 1807967.57443553 1807967.57443553 1808555.77594493 1808434.0683057 1806830.74140845 1807047.95563201 1807047.95563201 1807047.95563201 1807047.95563201 1807047.95563201 950869.010858553 950869.010858553 93408.9004449788 93408.9004449788 93408.9004449788 93408.9004449788 0 543516.354784414 841461.535559609 841461.535559609 1469356.3710052 375376.737524103 1569919.4164016 558470.951500504 735183.970301091 854545.346201896 846495.660796784 846495.660796784 793547.669204854 1053717.66849642 1055177.73419035 2368805.67907845 2368805.67907845 2467440.53901407 2467440.53901407 863841.507085234 863841.507085234 1970890.9993319 1970890.9993319 1654950.87576612 835691.200314921 1030059.78790384 1030059.78790384 2518087.80544435 278109.218462114 667342.157439529 667342.157439529 278109.218462114 444228.16430611 699673.044351598 699673.044351598 2390642.40462975 2765773.92188681 2765773.92188681 2495747.00943831 2365141.57695593 2390521.54171298 2702222.30305716 2702222.30305716 2495747.00943831 886693.465436165 946673.763544011 235992.544187946
403208.599361228 0 0 710999.889004485 710999.889004485 710999.889004485 1670659.55440174 1670659.55440174 1670659.55440174 1670659.55440174 1670659.55440174 1671333.44593723 1671211.02030217 1669632.50691061 1669844.1451343 1669844.1451343 1669844.1451343 1669844.1451343 1669844.1451343 978872.041766592 978872.041766592 495829.73504637 495829.73504637 495829.73504637 495829.73504637 403208.599361228 864390.428905688 1103874.19675309 1103874.19675309 1796500.88612895 546666.327245868 1876577.49939045 750687.503743808 1116631.08065871 1255010.00398443 765957.072178738 765957.072178738 1112961.71394628 1404830.13425191 1407275.19126923 2042680.94783575 2042680.94783575 2171119.75768632 2171119.75768632 1179728.25438703 1179728.25438703 1731412.51800731 1731412.51800731 1964587.77998694 1038634.54289303 1415425.65810624 1415425.65810624 2219255.42164799 185604.145881376 1038171.07729205 1038171.07729205 185604.145881376 835849.613809497 1102866.19417569 1102866.19417569 2106342.06596465 2492250.47093912 2492250.47093912 2217944.98664205 2083090.40249736 2100993.61254086 2454551.15787649 2454551.15787649 2217944.98664205 1238919.08218461 1297115.97566048 529590.131173526
403208.599361228 0 0 710999.889004485 710999.889004485 710999.889004485 1670659.55440174 1670659.55440174 1670659.55440174 1670659.55440174 1670659.55440174 1671333.44593723 1671211.02030217 1669632.50691061 1669844.1451343 1669844.1451343 1669844.1451343 1669844.1451343 1669844.1451343 978872.041766592 978872.041766592 495829.73504637 495829.73504637 495829.73504637 495829.73504637 403208.599361228 864390.428905688 1103874.19675309 1103874.19675309 1796500.88612895 546666.327245868 1876577.49939045 750687.503743808 1116631.08065871 1255010.00398443 765957.072178738 765957.072178738 1112961.71394628 1404830.13425191 1407275.19126923 2042680.94783575 2042680.94783575 2171119.75768632 2171119.75768632 1179728.25438703 1179728.25438703 1731412.51800731 1731412.51800731 1964587.77998694 1038634.54289303 1415425.65810624 1415425.65810624 2219255.42164799 185604.145881376 1038171.07729205 1038171.07729205 185604.145881376 835849.613809497 1102866.19417569 1102866.19417569 2106342.06596465 2492250.47093912 2492250.47093912 2217944.98664205 2083090.40249736 2100993.61254086 2454551.15787649 2454551.15787649 2217944.98664205 1238919.08218461 1297115.97566048 529590.131173526
330154.218617388 710999.889004485 710999.889004485 0 0 0 1822210.5019199 1822210.5019199 1822210.5019199 1822210.5019199 1822210.5019199 1822705.13964725 1822588.57456897 1821024.4114 1821238.16392379 1821238.16392379 1821238.16392379 1821238.16392379 1821238.16392379 890523.396244545 890523.396244545 244655.126848326 244655.126848326 244655.126848326 244655.126848326 330154.218617388 259836.560772348 890530.795304707 890530.795304707 1147756.51736744 367084.250191194 1256689.02574478 727128.36262559 591596.061313898 557045.225033335 890862.782476665 890862.782476665 488009.048642468 726097.703806928 727275.442988347 2541371.59956813 2541371.59956813 2607847.33855597 2607847.33855597 838244.122254763 838244.122254763 2067715.38945526 2067715.38945526 1339652.23459666 633002.205760754 705069.320508486 705069.320508486 2660297.51005144 607719.122237025 564138.642810708 564138.642810708 607719.122237025 130571.091513572 441447.735818046 441447.735818046 2520361.20394322 2879504.18930213 2879504.18930213 2617476.83445582 2493095.08970802 2525361.22126417 2792067.32581869 2792067.32581869 2617476.83445582 559795.973580488 852752.874786988 222716.926629502
330154.218617388 710999.889004485 710999.889004485 0 0 0 1822210.5019199 1822210.5019199 1822210.5019199 1822210.5019199 1822210.5019199 1822705.13964725 1822588.57456897 1821024.4114 1821238.16392379 1821238.16392379 1821238.16392379 1821238.16392379 1821238.16392379 890523.396244545 890523.396244545 244655.126848326 244655.126848326 244655.126848326 244655.126848326 330154.218617388 259836.560772348 890530.795304707 890530.795304707 1147756.51736744 367084.250191194 1256689.02574478 727128.36262559 591596.061313898 557045.225033335 890862.782476665 890862.782476665 488009.048642468 726097.703806928 727275.442988347 2541371.59956813 2541371.59956813 2607847.33855597 2607847.33855597 838244.122254763 838244.122254763 2067715.38945526 2067715.38945526 1339652.23459666 633002.205760754 705069.320508486 705069.320508486 2660297.51005144 607719.122237025 564138.642810708 564138.642810708 607719.122237025 130571.091513572 441447.735818046 441447.735818046 2520361.20394322 2879504.18930213 2879504.18930213 2617476.83445582 2493095.08970802 2525361.22126417 2792067.32581869 2792067.32581869 2617476.83445582 559795.973580488 852752.874786988 222716.926629502
330154.218617388 710999.889004485 710999.889004485 0 0 0 1822210.5019199 1822210.5019199 1822210.5019199 1822210.5019199 1822210.5019199 1822705.13964725 1822588.57456897 1821024.4114 1821238.16392379 1821238.16392379 1821238.16392379 1821238.16392379 1821238.16392379 890523.396244545 890523.396244545 244655.126848326 244655.126848326 244655.126848326 244655.126848326 330154.218617388 259836.560772348 890530.795304707 890530.795304707 1147756.51736744 367084.250191194 1256689.02574478 727128.36262559 591596.061313898 557045.225033335 890862.782476665 890862.782476665 488009.048642468 726097.703806928 727275.442988347 2541371.59956813 2541371.59956813 2607847.33855597 2607847.33855597 838244.122254763 838244.122254763 2067715.38945526 2067715.38945526 1339652.23459666 633002.205760754 705069.320508486 705069.320508486 2660297.51005144 607719.122237025 564138.642810708 564138.642810708 607719.122237025 130571.091513572 441447.735818046 441447.735818046 2520361.20394322 2879504.18930213 2879504.18930213 2617476.83445582 2493095.08970802 2525361.22126417 2792067.32581869 2792067.32581869 2617476.83445582 559795.973580488 852752.874786988 222716.926629502
1807967.57443553 1670659.55440174 1670659.55440174 1822210.5019199 1822210.5019199 1822210.5019199 0 0 0 0 0 744.130002714634 640.570151118268 1196.6651563739 992.173524783088 992.173524783088 992.173524783088 992.173524783088 992.173524783088 947493.862292006 947493.862292006 1838358.08832553 1838358.08832553 1838358.08832553 1838358.08832553 1807967.57443553 1672191.25145433 2647196.79776823 2647196.79776823 2018229.98145899 1476245.35043423 1954538.78812873 2352820.59724145 2412383.0914408 2219266.25012289 961557.64757803 961557.64757803 1705977.51802008 1945743.11753527 1952000.51020138 1222195.77772505 1222195.77772505 1101141.01649616 1101141.01649616 2642485.29416964 2642485.29416964 520743.233331831 520743.233331831 2019981.45764051 1347021.19073506 2162458.10824408 2162458.10824408 1150975.07024903 1817810.159274 2384883.87965917 2384883.87965917 1817810.159274 1911574.61781905 2208464.80204414 2208464.80204414 982722.452211978 1218453.26639932 1218453.26639932 1023900.95916725 953638.795389499 1010954.41048335 1063499.38806265 1063499.38806265 1023900.95916725 1879450.18010853 2674799.86107762 1649294.167621
1807967.57443553 1670659.55440174 1670659.55440174 1822210.5019199 1822210.5019199 1822210.5019199 0 0 0 0 0 744.130002714634 640.570151118268 1196.6651563739 992.173524783088 992.173524783088 992.173524783088 992.173524783088 992.173524783088 947493.862292006 947493.862292006 1838358.08832553 1838358.08832553 1838358.08832553 1838358.08832553 1807967.57443553 1672191.25145433 2647196.79776823 2647196.79776823 2018229.98145899 1476245.35043423 1954538.78812873 2352820.59724145 2412383.0914408 2219266.25012289 961557.64757803 961557.64757803 1705977.51802008 1945743.11753527 1952000.51020138 1222195.77772505 1222195.77772505 1101141.01649616 1101141.01649616 2642485.29416964 2642485.29416964 520743.233331831 520743.233331831 2019981.45764051 1347021.19073506 2162458.10824408 2162458.10824408 1150975.07024903 1817810.159274 2384883.87965917 2384883.87965917 1817810.159274 1911574.61781905 2208464.80204414 2208464.80204414 982722.452211978 1218453.26639932 1218453.26639932 1023900.95916725 953638.795389499 1010954.41048335 1063499.38806265 1063499.38806265 1023900.95916725 1879450.18010853 2674799.86107762 1649294.167621
1807967.57443553 1670659.55440174 1670659.55440174 1822210.5019199 1822210.5019199 1822210.5019199 0 0 0 0 0 744.130002714634 640.570151118268 1196.6651563739 992.173524783088 992.173524783088 992.173524783088 992.173524783088 992.173524783088 947493.862292006 947493.862292006 1838358.08832553 1838358.08832553 1838358.08832553 1838358.08832553 1807967.57443553 1672191.25145433 2647196.79776823 2647196.79776823 2018229.98145899 1476245.35043423 1954538.78812873 2352820.59724145 2412383.0914408 2219266.25012289 961557.64757803 961557.64757803 1705977.51802008 1945743.11753527 1952000.51020138 1222195.77772505 1222195.77772505 1101141.01649616 1101141.01649616 2642485.29416964 2642485.29416964 520743.233331831 520743.233331831 2019981.45764051 1347021.19073506 2162458.10824408 2162458.10824408 1150975.07024903 1817810.159274 2384883.87965917 2384883.87965917 1817810.159274 1911574.61781905 2208464.80204414 2208464.80204414 982722.452211978 1218453.26639932 1218453.26639932 1023900.95916725 953638.795389499 1010954.41048335 1063499.38806265 1063499.38806265 1023900.95916725 1879450.18010853 2674799.86107762 1649294.167621
1807967.57443553 1670659.55440174 1670659.55440174 1822210.5019199 1822210.5019199 1822210.5019199 0 0 0 0 0 744.130002714634 640.570151118268 1196.6651563739 992.173524783088 992.173524783088 992.173524783088 992.173524783088 992.173524783088 947493.862292006 947493.862292006 1838358.08832553 1838358.08832553 1838358.08832553 1838358.08832553 1807967.57443553 1672191.25145433 2647196.79776823 2647196.79776823 2018229.98145899 1476245.35043423 1954538.78812873 2352820.59724145 2412383.0914408 2219266.25012289 961557.64757803 961557.64757803 1705977.51802008 1945743.11753527 1952000.51020138 1222195.77772505 1222195.77772505 1101141.01649616 1101141.01649616 2642485.29416964 2642485.29416964 520743.233331831 520743.233331831 2019981.45764051 1347021.19073506 2162458.10824408 2162458.10824408 1150975.07024903 1817810.159274 2384883.87965917 2384883.87965917 1817810.159274 1911574.61781905 2208464.80204414 2208464.80204414 982722.452211978 1218453.26639932 1218453.26639932 1023900.95916725 953638.795389499 1010954.41048335 1063499.38806265 1063499.38806265 1023900.95916725 1879450.18010853 2674799.86107762 1649294.167621
1807967.57443553 1670659.55440174 1670659.55440174 1822210.5019199 1822210.5019199 1822210.5019199 0 0 0 0 0 744.130002714634 640.570151118268 1196.6651563739 992.173524783088 992.173524783088 992.173524783088 992.173524783088 992.173524783088 947493.862292006 947493.862292006 1838358.08832553 1838358.08832553 1838358.08832553 1838358.08832553 1807967.57443553 1672191.25145433 2647196.79776823 2647196.79776823 2018229.98145899 1476245.35043423 1954538.78812873 2352820.59724145 2412383.0914408 2219266.25012289 961557.64757803 961557.64757803 1705977.51802008 1945743.11753527 1952000.51020138 1222195.77772505 1222195.77772505 1101141.01649616 1101141.01649616 2642485.29416964 2642485.29416964 520743.233331831 520743.233331831 2019981.45764051 1347021.19073506 2162458.10824408 2162458.10824408 1150975.07024903 1817810.159274 2384883.87965917 2384883.87965917 1817810.159274 1911574.61781905 2208464.80204414 2208464.80204414 982722.452211978 1218453.26639932 1218453.26639932 1023900.95916725 953638.795389499 1010954.41048335 1063499.38806265 1063499.38806265 1023900.95916725 1879450.18010853 2674799.86107762 1649294.167621
1808555.77594493 1671333.44593723 1671333.44593723 1822705.13964725 1822705.13964725 1822705.13964725 744.130002714634 744.130002714634 744.130002714634 744.130002714634 744.130002714634 0 122.86036651358 1726.97956349197 1510.11320167852 1510.11320167852 1510.11320167852 1510.11320167852 1510.11320167852 947913.520190626 947913.520190626 1838923.20156394 1838923.20156394 1838923.20156394 1838923.20156394 1808555.77594493 1672613.8715107 2647771.72540525 2647771.72540525 2018318.98952162 1476780.61422469 1954570.73598182 2353435.26374401 2412866.53571462 2219641.95342359 962141.682692944 962141.682692944 1706303.92011652 1945990.79570629 1952248.58297917 1222524.37974694 1222524.37974694 1101315.49080831 1101315.49080831 2643022.89046666 2643022.89046666 521081.681708271 521081.681708271 2019990.43908922 1347349.40416702 2162754.52587186 2162754.52587186 1151136.42123686 1818461.86390094 2385389.43083247 2385389.43083247 1818461.86390094 1912039.83407025 2208896.39145243 2208896.39145243 982887.184675654 1218405.29005872 1218405.29005872 1023983.07673923 953808.547967526 1011140.41560751 1063351.01835928 1063351.01835928 1023983.07673923 1879754.18277506 2675298.74650818 1649832.68179878
1808434.0683057 1671211.02030217 1671211.02030217 1822588.57456897 1822588.57456897 1822588.57456897 640.570151118268 640.570151118268 640.570151118268 640.570151118268 640.570151118268 122.86036651358 0 1604.6502243311 1387.70211230694 1387.70211230694 1387.70211230694 1387.70211230694 1387.70211230694 947802.85342778 947802.85342778 1838802.46501329 1838802.46501329 1838802.46501329 1838802.46501329 1808434.0683057 1672502.95527533 2647650.54841842 2647650.54841842 2018245.4122589 1476661.44621733 1954504.94018126 2353312.76429612 2412750.77008095 2219535.29518607 962020.13068847 962020.13068847 1706202.13979135 1945897.56633246 1952155.30866066 1222532.29156587 1222532.29156587 1101350.04466939 1101350.04466939 2642903.59069077 2642903.59069077 521087.741445788 521087.741445788 2019927.87839968 1347247.43444164 2162655.9008478 2162655.9008478 1151173.10490719 1818339.02436082 2385272.12103033 2385272.12103033 1818339.02436082 1911925.43353916 2208784.71163653 2208784.71163653 982923.316531208 1218473.26580522 1218473.26580522 1024032.17975726 953843.864931893 1011173.07935185 1063432.25845787 1063432.25845787 1024032.17975726 1879654.74616791 2675181.88900988 1649713.32811586
1806830.74140845 1669632.50691061 1669632.50691061 1821024.4114 1821024.4114 1821024.4114 1196.6651563739 1196.6651563739 1196.6651563739 1196.6651563739 1196.6651563739 1726.97956349197 1604.6502243311 0 217.217758847812 217.217758847812 217.217758847812 217.217758847812 217.217758847812 946297.211380796 946297.211380796 1837204.27346832 1837204.27346832 1837204.27346832 1837204.27346832 1806830.74140845 1670994.64436191 2646049.744575 2646049.744575 2017165.45647131 1475074.66492554 1953519.45683727 2351708.42970197 2411194.07207519 2218072.10226971 960417.455552835 960417.455552835 1704792.58299712 1944585.12015331 1950842.34298176 1222790.52283559 1222790.52283559 1101948.68633836 1101948.68633836 2641315.75313581 2641315.75313581 521323.535250906 521323.535250906 2018981.96198427 1345835.81770443 2161281.74515304 2161281.74515304 1151798.55961814 1816744.96615682 2383701.17165508 2383701.17165508 1816744.96615682 1910381.90224737 2207268.49957609 2207268.49957609 983541.994542007 1219486.41694374 1219486.41694374 1024813.26862457 954452.304964097 1011747.93834274 1064604.96780464 1064604.96780464 1024813.26862457 1878271.45071606 2673615.02885896 1648125.07318289
1807047.95563201 1669844.1451343 1669844.1451343 1821238.16392379 1821238.16392379 1821238.16392379 992.173524783088 992.173524783088 992.173524783088 992.173524783088 992.173524783088 1510.11320167852 1387.70211230694 217.217758847812 0 0 0 0 0 946504.270676219 946504.270676219 1837421.28622748 1837421.28622748 1837421.28622748 1837421.28622748 1807047.95563201 1671202.02651374 2646266.90521467 2646266.90521467 2017318.89468016 1475290.72904271 1953660.61198618 2351925.17200178 2411407.01093199 2218274.07942574 960634.672112359 960634.672112359 1704987.97683379 1944768.35800039 1951025.64656241 1222745.55572859 1222745.55572859 1101858.28651337 1101858.28651337 2641531.91620069 2641531.91620069 521281.417679228 521281.417679228 2019117.95318875 1346031.46143405 2161472.74084296 2161472.74084296 1151704.6102228 1816959.36288788 2383915.64844637 2383915.64844637 1816959.36288788 1910593.36783155 2207476.81340304 2207476.81340304 983448.924294975 1219341.54256102 1219341.54256102 1024698.74983473 954360.587823911 1011660.68379538 1064439.46079061 1064439.46079061 1024698.74983473 1878463.58409719 2673829.07218732 1648341.27414333
1807047.95563201 1669844.1451343 1669844.1451343 1821238.16392379 1821238.16392379 1821238.16392379 992.173524783088 992.173524783088 992.173524783088 992.173524783088 992.173524783088 1510.11320167852 1387.70211230694 217.217758847812 0 0 0 0 0 946504.270676219 946504.270676219 1837421.28622748 1837421.28622748 1837421.28622748 1837421.28622748 1807047.95563201 1671202.02651374 2646266.90521467 2646266.90521467 2017318.89468016 1475290.72904271 1953660.61198618 2351925.17200178 2411407.01093199 2218274.07942574 960634.672112359 960634.672112359 1704987.97683379 1944768.35800039 1951025.64656241 1222745.55572859 1222745.55572859 1101858.28651337 1101858.28651337 2641531.91620069 2641531.91620069 521281.417679228 521281.417679228 2019117.95318875 1346031.46143405 2161472.74084296 2161472.74084296 1151704.6102228 1816959.36288788 2383915.64844637 2383915.64844637 1816959.36288788 1910593.36783155 2207476.81340304 2207476.81340304 983448.924294975 1219341.54256102 1219341.54256102 1024698.74983473 954360.587823911 1011660.68379538 1064439.46079061 1064439.46079061 1024698.74983473 1878463.58409719 2673829.07218732 1648341.27414333
1807047.95563201 1669844.1451343 1669844.1451343 1821238.16392379 1821238.16392379 1821238.16392379 992.173524783088 992.173524783088 992.173524783088 992.173524783088 992.173524783088 1510.11320167852 1387.70211230694 217.217758847812 0 0 0 0 0 946504.270676219 946504.270676219 1837421.28622748 1837421.28622748 1837421.28622748 1837421.28622748 1807047.95563201 1671202.02651374 2646266.90521467 2646266.90521467 2017318.89468016 1475290.72904271 1953660.61198618 2351925.17200178 2411407.01093199 2218274.07942574 960634.672112359 960634.672112359 1704987.97683379 1944768.35800039 1951025.64656241 1222745.55572859 1222745.55572859 1101858.28651337 1101858.28651337 2641531.91620069 2641531.91620069 521281.417679228 521281.417679228 2019117.95318875 1346031.46143405 2161472.74084296 2161472.74084296 1151704.6102228 1816959.36288788 2383915.64844637 2383915.64844637 1816959.36288788 1910593.36783155 2207476.81340304 2207476.81340304 983448.924294975 1219341.54256102 1219341.54256102 1024698.74983473 954360.587823911 1011660.68379538 1064439.46079061 1064439.46079061 1024698.74983473 1878463.58409719 2673829.07218732 1648341.27414333
1807047.95563201 1669844.1451343 1669844.1451343 1821238.16392379 1821238.16392379 1821238.16392379 992.173524783088 992.173524783088 992.173524783088 992.173524783088 992.173524783088 1510.11320167852 1387.70211230694 217.217758847812 0 0 0 0 0 946504.270676219 946504.270676219 1837421.28622748 1837421.28622748 1837421.28622748 1837421.28622748 1807047.95563201 1671202.02651374 2646266.90521467 2646266.90521467 2017318.89468016 1475290.72904271 1953660.61198618 2351925.17200178 2411407.01093199 2218274.07942574 960634.672112359 960634.672112359 1704987.97683379 1944768.35800039 1951025.64656241 1222745.55572859 1222745.55572859 1101858.28651337 1101858.28651337 2641531.91620069 2641531.91620069 521281.417679228 521281.417679228 2019117.95318875 1346031.46143405 2161472.74084296 2161472.74084296 1151704.6102228 1816959.36288788 2383915.64844637 2383915.64844637 1816959.36288788 1910593.36783155 2207476.81340304 2207476.81340304 983448.924294975 1219341.54256102 1219341.54256102 1024698.74983473 954360.587823911 1011660.68379538 1064439.46079061 1064439.46079061 1024698.74983473 1878463.58409719 2673829.07218732 1648341.27414333
1807047.95563201 1669844.1451343 1669844.1451343 1821238.16392379 1821238.16392379 1821238.16392379 992.173524783088 992.173524783088 992.173524783088 992.173524783088 992.173524783088 1510.11320167852 1387.70211230694 217.217758847812 0 0 0 0 0 946504.270676219 946504.270676219 1837421.28622748 1837421.28622748 1837421.28622748 1837421.28622748 1807047.95563201 1671202.02651374 2646266.90521467 2646266.90521467 2017318.89468016 1475290.72904271 1953660.61198618 2351925.17200178 2411407.01093199 2218274.07942574 960634.672112359 960634.672112359 1704987.97683379 1944768.35800039 1951025.64656241 1222745.55572859 1222745.55572859 1101858.28651337 1101858.28651337 2641531.91620069 2641531.91620069 521281.417679228 521281.417679228 2019117.95318875 1346031.46143405 2161472.74084296 2161472.74084296 1151704.6102228 1816959.36288788 2383915.64844637 2383915.64844637 1816959.36288788 1910593.36783155 2207476.81340304 2207476.81340304 983448.924294975 1219341.54256102 1219341.54256102 1024698.74983473 954360.587823911 1011660.68379538 1064439.46079061 1064439.46079061 1024698.74983473 1878463.58409719 2673829.07218732 1648341.27414333
950869.010858553 978872.041766592 978872.041766592 890523.396244545 890523.396244545 890523.396244545 947493.862292006 947493.862292006 947493.862292006 947493.862292006 947493.862292006 947913.520190626 947802.85342778 946297.211380796 946504.270676219 946504.270676219 946504.270676219 946504.270676219 946504.270676219 0 0 955065.947050678 955065.947050678 955065.947050678 955065.947050678 950869.010858553 724724.053122407 1756673.61431852 1756673.61431852 1253288.12340832 580354.786465237 1250736.93292633 1508713.91099351 1473815.79041937 1275715.40285193 287750.228311631 287750.228311631 780228.389972471 1057500.9434573 1063343.61161709 1877094.18396307 1877094.18396307 1872295.69089712 1872295.69089712 1726016.72093859 1726016.72093859 1280944.07394297 1280944.07394297 1334784.22696792 430295.49195501 1244232.50253697 1244232.50253697 1926089.2301766 1059762.34781422 1454153.28818712 1454153.28818712 1059762.34781422 969460.064121185 1261288.59581115 1261288.59581115 1768547.99381442 2089726.27957236 2089726.27957236 1848082.6526518 1739228.86489212 1782745.99629506 1971161.52688977 1971161.52688977 1848082.6526518 961305.785377033 1740491.51414489 748594.156203491
950869.010858553 978872.041766592 978872.041766592 890523.396244545 890523.396244545 890523.396244545 947493.862292006 947493.862292006 947493.862292006 947493.862292006 947493.862292006 947913.520190626 947802.85342778 946297.211380796 946504.270676219 946504.270676219 946504.270676219 946504.270676219 946504.270676219 0 0 955065.947050678 955065.947050678 955065.947050678 955065.947050678 950869.010858553 724724.053122407 1756673.61431852 1756673.61431852 1253288.12340832 580354.786465237 1250736.93292633 1508713.91099351 1473815.79041937 1275715.40285193 287750.228311631 287750.228311631 780228.389972471 1057500.9434573 1063343.61161709 1877094.18396307 1877094.18396307 1872295.69089712 1872295.69089712 1726016.72093859 1726016.72093859 1280944.07394297 1280944.07394297 1334784.22696792 430295.49195501 1244232.50253697 1244232.50253697 1926089.2301766 1059762.34781422 1454153.28818712 1454153.28818712 1059762.34781422 969460.064121185 1261288.59581115 1261288.59581115 1768547.99381442 2089726.27957236 2089726.27957236 1848082.6526518 1739228.86489212 1782745.99629506 1971161.52688977 1971161.52688977 1848082.6526518 961305.785377033 1740491.51414489 748594.156203491
93408.9004449788 495829.73504637 495829.73504637 244655.126848326 244655.126848326 244655.126848326 1838358.08832553 1838358.08832553 1838358.08832553 1838358.08832553 1838358.08832553 1838923.20156394 1838802.46501329 1837204.27346832 1837421.28622748 1837421.28622748 1837421.28622748 1837421.28622748 1837421.28622748 955065.947050678 955065.947050678 0 0 0 0 93408.9004449788 476256.488815836 810059.569339309 810059.569339309 1390814.43359787 374925.106310364 1496036.33405163 561046.566016943 657545.446903658 761136.857290469 878381.956487669 878381.956487669 721622.821157792 970726.845162349 971924.353663682 2439588.1969584 2439588.1969584 2531043.08552947 2531043.08552947 812873.145542507 812873.145542507 2023110.34143893 2023110.34143893 1580057.27864028 797320.921757675 938836.827981596 938836.827981596 2582173.63909505 369006.211450296 595840.969353537 595840.969353537 369006.211450296 352876.45595745 607557.050235104 607557.050235104 2451631.30396995 2823446.04474521 2823446.04474521 2554987.28004385 2425674.6188874 2452717.61323983 2754005.06866616 2754005.06866616 2554987.28004385 804282.114484211 881151.268313533 210129.193880719
93408.9004449788 495829.73504637 495829.73504637 244655.126848326 244655.126848326 244655.126848326 1838358.08832553 1838358.08832553 1838358.08832553 1838358.08832553 1838358.08832553 1838923.20156394 1838802.46501329 1837204.27346832 1837421.28622748 1837421.28622748 1837421.28622748 1837421.28622748 1837421.28622748 955065.947050678 955065.947050678 0 0 0 0 93408.9004449788 476256.488815836 810059.569339309 810059.569339309 1390814.43359787 374925.106310364 1496036.33405163 561046.566016943 657545.446903658 761136.857290469 878381.956487669 878381.956487669 721622.821157792 970726.845162349 971924.353663682 2439588.1969584 2439588.1969584 2531043.08552947 2531043.08552947 812873.145542507 812873.145542507 2023110.34143893 2023110.34143893 1580057.27864028 797320.921757675 938836.827981596 938836.827981596 2582173.63909505 369006.211450296 595840.969353537 595840.969353537 369006.211450296 352876.45595745 607557.050235104 607557.050235104 2451631.30396995 2823446.04474521 2823446.04474521 2554987.28004385 2425674.6188874 2452717.61323983 2754005.06866616 2754005.06866616 2554987.28004385 804282.114484211 881151.268313533 210129.193880719
93408.9004449788 495829.73504637 495829.73504637 244655.126848326 244655.126848326 244655.126848326 1838358.08832553 1838358.08832553 1838358.08832553 1838358.08832553 1838358.08832553 1838923.20156394 1838802.46501329 1837204.27346832 1837421.28622748 1837421.28622748 1837421.28622748 1837421.28622748 1837421.28622748 955065.947050678 955065.947050678 0 0 0 0 93408.9004449788 476256.488815836 810059.569339309 810059.569339309 1390814.43359787 374925.106310364 1496036.33405163 561046.566016943 657545.446903658 761136.857290469 878381.956487669 878381.956487669 721622.821157792 970726.845162349 971924.353663682 2439588.1969584 2439588.1969584 2531043.08552947 2531043.08552947 812873.145542507 812873.145542507 2023110.34143893 2023110.34143893 1580057.27864028 797320.921757675 938836.827981596 938836.827981596 2582173.63909505 369006.211450296 595840.969353537 595840.969353537 369006.211450296 352876.45595745 607557.050235104 607557.050235104 2451631.30396995 2823446.04474521 2823446.04474521 2554987.28004385 2425674.6188874 2452717.61323983 2754005.06866616 2754005.06866616 2554987.28004385 804282.114484211 881151.268313533 210129.193880719
93408.9004449788 495829.73504637 495829.73504637 244655.126848326 244655.126848326 244655.126848326 1838358.08832553 1838358.08832553 1838358.08832553 1838358.08832553 1838358.08832553 1838923.20156394 1838802.46501329 1837204.27346832 1837421.28622748 1837421.28622748 1837421.28622748 1837421.28622748 1837421.28622748 955065.947050678 955065.947050678 0 0 0 0 93408.9004449788 476256.488815836 810059.569339309 810059.569339309 1390814.43359787 374925.106310364 1496036.33405163 561046.566016943 657545.446903658 761136.857290469 878381.956487669 878381.956487669 721622.821157792 970726.845162349 971924.353663682 2439588.1969584 2439588.1969584 2531043.08552947 2531043.08552947 812873.145542507 812873.145542507 2023110.34143893 2023110.34143893 1580057.27864028 797320.921757675 938836.827981596 938836.827981596 2582173.63909505 369006.211450296 595840.969353537 595840.969353537 369006.211450296 352876.45595745 607557.050235104 607557.050235104 2451631.30396995 2823446.04474521 2823446.04474521 2554987.28004385 2425674.6188874 2452717.61323983 2754005.06866616 2754005.06866616 2554987.28004385 804282.114484211 881151.268313533 210129.193880719
0 403208.599361228 403208.599361228 330154.218617388 330154.218617388 330154.218617388 1807967.57443553 1807967.57443553 1807967.57443553 1807967.57443553 1807967.57443553 1808555.77594493 1808434.0683057 1806830.74140845 1807047.95563201 1807047.95563201 1807047.95563201 1807047.95563201 1807047.95563201 950869.010858553 950869.010858553 93408.9004449788 93408.9004449788 93408.9004449788 93408.9004449788 0 543516.354784414 841461.535559609 841461.535559609 1469356.3710052 375376.737524103 1569919.4164016 558470.951500504 735183.970301091 854545.346201896 846495.660796784 846495.660796784 793547.669204854 1053717.66849642 1055177.73419035 2368805.67907845 2368805.67907845 2467440.53901407 2467440.53901407 863841.507085234 863841.507085234 1970890.9993319 1970890.9993319 1654950.87576612 835691.200314921 1030059.78790384 1030059.78790384 2518087.80544435 278109.218462114 667342.157439529 667342.157439529 278109.218462114 444228.16430611 699673.044351598 699673.044351598 2390642.40462975 2765773.92188681 2765773.92188681 2495747.00943831 2365141.57695593 2390521.54171298 2702222.30305716 2702222.30305716 2495747.00943831 886693.465436165 946673.763544011 235992.544187946
543516.354784414 864390.428905688 864390.428905688 259836.560772348 259836.560772348 259836.560772348 1672191.25145433 1672191.25145433 1672191.25145433 1672191.25145433 1672191.25145433 1672613.8715107 1672502.95527533 1670994.64436191 1671202.02651374 1671202.02651374 1671202.02651374 1671202.02651374 1671202.02651374 724724.053122407 724724.053122407 476256.488815836 476256.488815836 476256.488815836 476256.488815836 543516.354784414 0 1131806.32449439 1131806.32449439 935487.814850092 365667.242094852 1028147.77850693 986923.914287064 767739.741936752 565125.547493695 803295.22229728 803295.22229728 252319.357068939 543617.782264676 546569.179128707 2501668.45989816 2501668.45989816 2539795.30248961 2539795.30248961 1056980.92467465 1056980.92467465 1972431.16308765 1972431.16308765 1114102.41204909 391928.317829907 610264.576532043 610264.576532043 2593171.74039739 804126.650384439 765967.186503578 765967.186503578 804126.650384439 270494.424537508 537001.280033002 537001.280033002 2444551.90910818 2787272.92694957 2787272.92694957 2534146.61828192 2416182.12193846 2453665.62231163 2682413.07720272 2682413.07720272 2534146.61828192 381321.292695155 1038722.37301477 337062.147982709
841461.535559609 1103874.19675309 1103874.19675309 890530.795304707 890530.795304707 890530.795304707 2647196.79776823 2647196.79776823 2647196.79776823 2647196.79776823 2647196.79776823 2647771.72540525 2647650.54841842 2646049.744575 2646266.90521467 2646266.90521467 2646266.90521467 2646266.90521467 2646266.90521467 1756673.61431852 1756673.61431852 810059.569339309 810059.569339309 810059.569339309 810059.569339309 841461.535559609 1131806.32449439 0 0 1802048.3833529 1181298.18696272 1949338.24307062 365434.499345211 491896.057592394 936533.196018117 1685916.10965537 1685916.10965537 1294413.91747481 1385558.91698825 1382946.95003095 3146174.68035202 3146174.68035202 3272040.69636004 3272040.69636004 194310.501375656 194310.501375656 2802784.42433032 2802784.42433032 2015560.85157931 1520192.98059251 1199288.34874092 1199288.34874092 3320853.20887238 918820.823441133 423752.229175716 423752.229175716 918820.823441133 865861.494675396 761284.085169694 761284.085169694 3203323.31183441 3585444.0061201 3585444.0061201 3312535.48414986 3179156.42588246 3199805.28119963 3533241.29343378 3533241.29343378 3312535.48414986 1262298.46170376 383598.074709996 1009353.66923988
841461.535559609 1103874.19675309 1103874.19675309 890530.795304707 890530.795304707 890530.795304707 2647196.79776823 2647196.79776823 2647196.79776823 2647196.79776823 2647196.79776823 2647771.72540525 2647650.54841842 2646049.744575 2646266.90521467 2646266.90521467 2646266.90521467 2646266.90521467 2646266.90521467 1756673.61431852 1756673.61431852 810059.569339309 810059.569339309 810059.569339309 810059.569339309 841461.535559609 1131806.32449439 0 0 1802048.3833529 1181298.18696272 1949338.24307062 365434.499345211 491896.057592394 936533.196018117 1685916.10965537 1685916.10965537 1294413.91747481 1385558.91698825 1382946.95003095 3146174.68035202 3146174.68035202 3272040.69636004 3272040.69636004 194310.501375656 194310.501375656 2802784.42433032 2802784.42433032 2015560.85157931 1520192.98059251 1199288.34874092 1199288.34874092 3320853.20887238 918820.823441133 423752.229175716 423752.229175716 918820.823441133 865861.494675396 761284.085169694 761284.085169694 3203323.31183441 3585444.0061201 3585444.0061201 3312535.48414986 3179156.42588246 3199805.28119963 3533241.29343378 3533241.29343378 3312535.48414986 1262298.46170376 383598.074709996 1009353.66923988
1469356.3710052 1796500.88612895 1796500.88612895 1147756.51736744 1147756.51736744 1147756.51736744 2018229.98145899 2018229.98145899 2018229.98145899 2018229.98145899 2018229.98145899 2018318.98952162 2018245.4122589 2017165.45647131 2017318.89468016 2017318.89468016 2017318.89468016 2017318.89468016 2017318.89468016 1253288.12340832 1253288.12340832 1390814.43359787 1390814.43359787 1390814.43359787 1390814.43359787 1469356.3710052 935487.814850092 1802048.3833529 1802048.3833529 0 1265344.39284483 163281.768255713 1803329.02234421 1314421.75264624 868780.152335514 1493316.8285663 1493316.8285663 684102.847745381 433134.524338678 433868.096690469 3112371.35063637 3112371.35063637 3073534.28444189 3073534.28444189 1649015.77125408 1649015.77125408 2467120.11097697 2467120.11097697 213995.045222276 865696.001894129 610078.393871447 610078.393871447 3126662.28570836 1737878.80787745 1378712.81853334 1378712.81853334 1737878.80787745 1066635.60566193 1041885.08898778 1041885.08898778 2961666.99919988 3235514.33343692 3235514.33343692 3023889.37764365 2931831.98980465 2981978.48634844 3079383.59130624 3079383.59130624 3023889.37764365 591533.672348183 1526424.53669431 1272426.67159337
375376.737524103 546666.327245868 546666.327245868 367084.250191194 367084.250191194 367084.250191194 1476245.35043423 1476245.35043423 1476245.35043423 1476245.35043423 1476245.35043423 1476780.61422469 1476661.44621733 1475074.66492554 1475290.72904271 1475290.72904271 1475290.72904271 1475290.72904271 1475290.72904271 580354.786465237 580354.786465237 374925.106310364 374925.106310364 374925.106310364 374925.106310364 375376.737524103 365667.242094852 1181298.18696272 1181298.18696272 1265344.39284483 0 1335568.96991924 929991.037747752 952853.915771725 888409.89311639 528019.808855463 528019.808855463 591555.324185018 901688.615902505 905207.349178592 2180116.04988131 2180116.04988131 2241439.19168976 2241439.19168976 1166274.25091777 1166274.25091777 1701579.24049288 1701579.24049288 1424135.5194639 498790.831644054 972423.980291898 972423.980291898 2294003.02052881 546870.452995711 914482.993229818 914482.993229818 546870.452995711 483962.970616265 802104.675483114 802104.675483114 2153399.93368063 2512679.94047767 2512679.94047767 2250396.01449782 2126088.40937732 2158625.19132224 2427440.49335282 2427440.49335282 2250396.01449782 744131.090281558 1205891.39687805 173324.704100171
1569919.4164016 1876577.49939045 1876577.49939045 1256689.02574478 1256689.02574478 1256689.02574478 1954538.78812873 1954538.78812873 1954538.78812873 1954538.78812873 1954538.78812873 1954570.73598182 1954504.94018126 1953519.45683727 1953660.61198618 1953660.61198618 1953660.61198618 1953660.61198618 1953660.61198618 1250736.93292633 1250736.93292633 1496036.33405163 1496036.33405163 1496036.33405163 1496036.33405163 1569919.4164016 1028147.77850693 1949338.24307062 1949338.24307062 163281.768255713 1335568.96991924 0 1933835.29854819 1464856.49140592 1021030.96866734 1508042.45714273 1508042.45714273 776512.936074002 567134.335260175 569026.38307227 3081561.0917562 3081561.0917562 3027810.88515406 3027810.88515406 1800820.79675714 1800820.79675714 2421072.15462738 2421072.15462738 89016.6781239351 896817.889350856 766028.253871962 766028.253871962 3080417.43881386 1831742.07239346 1525586.16820449 1525586.16820449 1831742.07239346 1186278.89445114 1188061.01141426 1188061.01141426 2913870.13426909 3172805.80985243 3172805.80985243 2970450.10295708 2884058.11429559 2936085.36542078 3009262.81488554 3009262.81488554 2970450.10295708 713482.456327565 1683002.54506391 1361567.96925999
558470.951500504 750687.503743808 750687.503743808 727128.36262559 727128.36262559 727128.36262559 2352820.59724145 2352820.59724145 2352820.59724145 2352820.59724145 2352820.59724145 2353435.26374401 2353312.76429612 2351708.42970197 2351925.17200178 2351925.17200178 2351925.17200178 2351925.17200178 2351925.17200178 1508713.91099351 1508713.91099351 561046.566016943 561046.566016943 561046.566016943 561046.566016943 558470.951500504 986923.914287064 365434.499345211 365434.499345211 1803329.02234421 929991.037747752 1933835.29854819 0 617701.6759954 992146.960719647 1395132.50299842 1395132.50299842 1199756.63856444 1370602.22089049 1369616.15430911 2788249.67196378 2788249.67196378 2921747.78501561 2921747.78501561 493694.967111994 493694.967111994 2470991.67971409 2470991.67971409 2010010.41840061 1347211.17805359 1242328.6352996 1242328.6352996 2969755.58430869 568781.870608984 521021.384948695 521021.384948695 568781.870608984 757416.708305988 797860.780805988 797860.780805988 2856720.3709278 3241819.07020771 3241819.07020771 2967812.48653559 2833277.80618021 2851628.44919589 3198579.59555671 3198579.59555671 2967812.48653559 1220802.05524028 662209.125790123 771059.578796536
735183.970301091 1116631.08065871 1116631.08065871 591596.061313898 591596.061313898 591596.061313898 2412383.0914408 2412383.0914408 2412383.0914408 2412383.0914408 2412383.0914408 2412866.53571462 2412750.77008095 2411194.07207519 2411407.01093199 2411407.01093199 2411407.01093199 2411407.01093199 2411407.01093199 1473815.79041937 1473815.79041937 657545.446903658 657545.446903658 657545.446903658 657545.446903658 735183.970301091 767739.741936752 491896.057592394 491896.057592394 1314421.75264624 952853.915771725 1464856.49140592 617701.6759954 0 446170.799308057 1480309.90785959 1480309.90785959 867585.065444518 907062.142813521 903878.078398072 3095807.48835155 3095807.48835155 3179925.15950356 3179925.15950356 337060.933588111 337060.933588111 2653269.83109305 2653269.83109305 1528341.9070578 1154355.25406176 708356.80747426 708356.80747426 3231650.76614437 946623.2024566 97109.9145609387 97109.9145609387 946623.2024566 505278.378652762 285396.285037531 285396.285037531 3096748.9546833 3461995.28287595 3461995.28287595 3196977.68615296 3070109.11195841 3099693.7900239 3380198.11346102 3380198.11346102 3196977.68615296 799981.16831969 271173.679947427 788838.69798946
