0.075294 0.078398 0.075774 0.082875 0.079447 0.077529 0.077004 0.079432 0.075632 0.079056 0.083459 0.077858 0.076322 0.078495 0.077008 0.077795 0.079523 0.076973 0.078160 0.085217 0.084740 0.077371 0.082905 0.078916 0.077494 0.078110 0.081624 0.077280 0.080812 0.076969 0.077055 0.077138 0.085592 0.084445 0.082824 0.084027 0.079122 0.084549 0.077837 0.077164 0.077433
0.078398 0.077781 0.076186 0.081589 0.078971 0.077426 0.077417 0.080867 0.076249 0.079520 0.082603 0.077755 0.077105 0.077350 0.077986 0.079003 0.079121 0.078675 0.078675 0.083272 0.083795 0.077898 0.081812 0.080949 0.077705 0.078976 0.079747 0.076694 0.080298 0.077820 0.077835 0.077914 0.083808 0.083018 0.081305 0.086953 0.078524 0.083239 0.078628 0.078640 0.078268
0.075774 0.076186 0.072761 0.081880 0.077036 0.074549 0.074246 0.076552 0.073513 0.076025 0.081044 0.074681 0.074760 0.075305 0.074017 0.074608 0.077624 0.074631 0.075271 0.083615 0.083612 0.074820 0.082043 0.075115 0.074440 0.075529 0.080062 0.074503 0.078472 0.074515 0.074201 0.074273 0.084336 0.083496 0.081613 0.084520 0.077089 0.083800 0.075153 0.075789 0.074613
0.082875 0.081589 0.081880 0.051012 0.075503 0.082553 0.082151 0.086157 0.082001 0.085975 0.085375 0.084647 0.081918 0.082573 0.083485 0.085023 0.080747 0.083623 0.085174 0.056748 0.056556 0.083678 0.051827 0.086766 0.082644 0.085094 0.054097 0.081819 0.082541 0.083188 0.083385 0.084538 0.056920 0.055804 0.053296 0.059592 0.079168 0.056641 0.084318 0.084291 0.082730
0.079447 0.078971 0.077036 0.075503 0.064025 0.077117 0.077943 0.081070 0.076546 0.080322 0.082707 0.078685 0.077664 0.078935 0.077631 0.078904 0.079626 0.077787 0.079233 0.078226 0.078142 0.078560 0.074916 0.080222 0.077905 0.078961 0.074383 0.078303 0.081469 0.078171 0.078492 0.078000 0.078683 0.077633 0.075274 0.080408 0.079058 0.077591 0.078724 0.079256 0.079012
0.077529 0.077426 0.074549 0.082553 0.077117 0.074219 0.075579 0.078319 0.074283 0.077352 0.082254 0.075564 0.076011 0.076465 0.075258 0.075888 0.078184 0.075650 0.076553 0.084536 0.084110 0.076908 0.082849 0.079454 0.075153 0.077100 0.080682 0.076815 0.080244 0.076147 0.076127 0.075075 0.084750 0.084163 0.082206 0.089295 0.077774 0.084358 0.076408 0.076557 0.076856
0.077004 0.077417 0.074246 0.082151 0.077943 0.075579 0.074181 0.078875 0.074027 0.077734 0.082617 0.076104 0.075685 0.076351 0.075135 0.076553 0.078063 0.075725 0.077050 0.084182 0.084228 0.076011 0.082015 0.079318 0.075739 0.077378 0.080160 0.075707 0.079836 0.075815 0.075985 0.075846 0.084662 0.083584 0.081865 0.086196 0.077696 0.083948 0.076766 0.076231 0.075690
0.079432 0.080867 0.076552 0.086157 0.081070 0.078319 0.078875     -nan 0.076236 0.080329 0.085407 0.078220 0.078274 0.080565 0.077321 0.078275 0.081821 0.076406 0.077881 0.088661 0.087830 0.077922 0.086543 0.076713 0.078282 0.078205 0.085035 0.078940 0.083714 0.078537 0.078131 0.077835 0.089136 0.087693 0.085931 0.087446 0.081537 0.088758 0.077899 0.078554 0.080072
0.075632 0.076249 0.073513 0.082001 0.076546 0.074283 0.074027 0.076236 0.072692 0.075954 0.082243 0.072917 0.073895 0.075243 0.073699 0.073476 0.077703 0.060812 0.074143 0.083805 0.084265 0.074002 0.082331 0.053375 0.073842 0.074401 0.080284 0.074957 0.079591 0.073801 0.074711 0.073431 0.084620 0.084137 0.081845 0.084435 0.077208 0.084095 0.073386 0.074979 0.074700
0.079056 0.079520 0.076025 0.085975 0.080322 0.077352 0.077734 0.080329 0.075954     -nan 0.083188 0.075217 0.077360 0.078566 0.077533 0.077082 0.081011 0.076274 0.076471 0.088254 0.088132 0.077656 0.086357 0.080657 0.077101 0.077089 0.084905 0.078754 0.082400 0.077087 0.077707 0.076802 0.089125 0.087579 0.085754 0.090484 0.081552 0.087654 0.076195 0.078396 0.078526
0.083459 0.082603 0.081044 0.085375 0.082707 0.082254 0.082617 0.085407 0.082243 0.083188     -nan 0.081582 0.082053 0.082687 0.080998 0.080992 0.084010 0.084162 0.083001 0.087575 0.088049 0.082287 0.085070 0.083184 0.083326 0.084429 0.084063 0.081752 0.084033 0.081424 0.082192 0.082682 0.085869 0.085517 0.083840 0.084234 0.083025 0.085646 0.082552 0.081849 0.080891
0.077858 0.077755 0.074681 0.084647 0.078685 0.075564 0.076104 0.078220 0.072917 0.075217 0.081582     -nan 0.075997 0.076686 0.075218 0.074065 0.079644 0.074280 0.075118 0.086956 0.086993 0.075732 0.084772 0.074655 0.075302 0.074912 0.083023 0.076341 0.081427 0.075504 0.075521 0.074826 0.087444 0.086665 0.084945 0.088328 0.079546 0.086655 0.074590 0.076742 0.077952
0.076322 0.077105 0.074760 0.081918 0.077664 0.076011 0.075685 0.078274 0.073895 0.077360 0.082053 0.075997     -nan 0.076509 0.075663 0.076723 0.077625 0.076205 0.076408 0.083657 0.083640 0.075614 0.081438 0.077067 0.075658 0.076136 0.079681 0.076326 0.079453 0.075236 0.076765 0.075719 0.084085 0.083499 0.081126 0.083320 0.077792 0.083174 0.075074 0.075746 0.076789
0.078495 0.077350 0.075305 0.082573 0.078935 0.076465 0.076351 0.080565 0.075243 0.078566 0.082687 0.076686 0.076509     -nan 0.076275 0.075913 0.078396 0.076305 0.077775 0.084802 0.083471 0.076760 0.081838 0.083284 0.076545 0.077992 0.080561 0.076362 0.080034 0.076920 0.076820 0.076956 0.085143 0.083364 0.081831 0.089844 0.078205 0.084067 0.077593 0.077395 0.076682
0.077008 0.077986 0.074017 0.083485 0.077631 0.075258 0.075135 0.077321 0.073699 0.077533 0.080998 0.075218 0.075663 0.076275     -nan 0.075724 0.078926 0.074750 0.076019 0.085513 0.085570 0.075383 0.083398 0.078039 0.075358 0.076251 0.081978 0.076068 0.080505 0.074548 0.075169 0.074788 0.085818 0.085122 0.083252 0.088445 0.078706 0.085323 0.076340 0.074711 0.076228
0.077795 0.079003 0.074608 0.085023 0.078904 0.075888 0.076553 0.078275 0.073476 0.077082 0.080992 0.074065 0.076723 0.075913 0.075724     -nan 0.079283 0.074172 0.074624 0.086546 0.086522 0.076000 0.085114 0.082105 0.075371 0.076138 0.082645 0.077106 0.081234 0.075808 0.075724 0.074377 0.087181 0.086067 0.084691 0.089058 0.079249 0.085747 0.074264 0.077262 0.075897
0.079523 0.079121 0.077624 0.080747 0.079626 0.078184 0.078063 0.081821 0.077703 0.081011 0.084010 0.079644 0.077625 0.078396 0.078926 0.079283 0.078245 0.078802 0.079619 0.082474 0.082477 0.078868 0.080193 0.082778 0.077872 0.080545 0.078967 0.078518 0.081172 0.079101 0.078261 0.079206 0.083648 0.082145 0.080181 0.086554 0.079019 0.082752 0.080046 0.079671 0.077686
0.076973 0.078675 0.074631 0.083623 0.077787 0.075650 0.075725 0.076406 0.060812 0.076274 0.084162 0.074280 0.076205 0.076305 0.074750 0.074172 0.078802     -nan 0.074886 0.085281 0.084957 0.075314 0.083295 0.076404 0.075296 0.075112 0.082511 0.076006 0.081137 0.074842 0.076269 0.074285 0.087328 0.085518 0.083574 0.085968 0.079165 0.086040 0.074958 0.075631 0.076788
0.078160 0.078675 0.075271 0.085174 0.079233 0.076553 0.077050 0.077881 0.074143 0.076471 0.083001 0.075118 0.076408 0.077775 0.076019 0.074624 0.079619 0.074886 0.073966 0.087098 0.086976 0.076311 0.085316 0.076768 0.075579 0.074144 0.083366 0.077518 0.081450 0.076684 0.076596 0.075479 0.087794 0.086641 0.084918 0.091621 0.079715 0.086980 0.074798 0.077231 0.076202
0.085217 0.083272 0.083615 0.056748 0.078226 0.084536 0.084182 0.088661 0.083805 0.088254 0.087575 0.086956 0.083657 0.084802 0.085513 0.086546 0.082474 0.085281 0.087098 0.053505 0.056711 0.085728 0.055224 0.090439 0.084867 0.087049 0.054529 0.083435 0.084178 0.085084 0.084906 0.086474 0.057020 0.055512 0.053617 0.059674 0.080607 0.056694 0.087029 0.085729 0.084083
0.084740 0.083795 0.083612 0.056556 0.078142 0.084110 0.084228 0.087830 0.084265 0.088132 0.088049 0.086993 0.083640 0.083471 0.085570 0.086522 0.082477 0.084957 0.086976 0.056711 0.055190 0.085619 0.054687 0.087215 0.084538 0.087419 0.053446 0.083971 0.083890 0.085368 0.085255 0.086814 0.055526 0.053504 0.051953 0.058968 0.080689 0.055623 0.087058 0.086182 0.084503
0.077371 0.077898 0.074820 0.083678 0.078560 0.076908 0.076011 0.077922 0.074002 0.077656 0.082287 0.075732 0.075614 0.076760 0.075383 0.076000 0.078868 0.075314 0.076311 0.085728 0.085619 0.075037 0.083306 0.078956 0.075660 0.076727 0.081890 0.076167 0.080965 0.075666 0.076302 0.075572 0.086243 0.085379 0.083318 0.088755 0.078738 0.085320 0.076379 0.076155 0.076621
0.082905 0.081812 0.082043 0.051827 0.074916 0.082849 0.082015 0.086543 0.082331 0.086357 0.085070 0.084772 0.081438 0.081838 0.083398 0.085114 0.080193 0.083295 0.085316 0.055224 0.054687 0.083306 0.049112 0.089682 0.082534 0.085724 0.052024 0.081490 0.082943 0.083432 0.083496 0.084616 0.055348 0.053454 0.051549 0.061609 0.079011 0.054528 0.084477 0.084121 0.082781
0.078916 0.080949 0.075115 0.086766 0.080222 0.079454 0.079318 0.076713 0.053375 0.080657 0.083184 0.074655 0.077067 0.083284 0.078039 0.082105 0.082778 0.076404 0.076768 0.090439 0.087215 0.078956 0.089682     -nan 0.075360 0.080109 0.084531 0.078857 0.082380 0.080099 0.079598 0.077626 0.091154 0.086207 0.086384 0.099916 0.081248 0.089831 0.077567 0.080061 0.083095
0.077494 0.077705 0.074440 0.082644 0.077905 0.075153 0.075739 0.078282 0.073842 0.077101 0.083326 0.075302 0.075658 0.076545 0.075358 0.075371 0.077872 0.075296 0.075579 0.084867 0.084538 0.075660 0.082534 0.075360     -nan 0.076457 0.080901 0.076215 0.080002 0.076271 0.075762 0.075136 0.085493 0.084625 0.082210 0.085137 0.078487 0.084202 0.075637 0.077521 0.075302
0.078110 0.078976 0.075529 0.085094 0.078961 0.077100 0.077378 0.078205 0.074401 0.077089 0.084429 0.074912 0.076136 0.077992 0.076251 0.076138 0.080545 0.075112 0.074144 0.087049 0.087419 0.076727 0.085724 0.080109 0.076457 0.069950 0.084008 0.077493 0.082146 0.076544 0.076112 0.076281 0.087953 0.086980 0.085364 0.090190 0.080184 0.086981 0.075303 0.077350 0.078105
0.081624 0.079747 0.080062 0.054097 0.074383 0.080682 0.080160 0.085035 0.080284 0.084905 0.084063 0.083023 0.079681 0.080561 0.081978 0.082645 0.078967 0.082511 0.083366 0.054529 0.053446 0.081890 0.052024 0.084531 0.080901 0.084008     -nan 0.079452 0.080119 0.081676 0.081268 0.082505 0.054424 0.051855 0.050302 0.056741 0.076716 0.054048 0.083862 0.082423 0.080290
0.077280 0.076694 0.074503 0.081819 0.078303 0.076815 0.075707 0.078940 0.074957 0.078754 0.081752 0.076341 0.076326 0.076362 0.076068 0.077106 0.078518 0.076006 0.077518 0.083435 0.083971 0.076167 0.081490 0.078857 0.076215 0.077493 0.079452 0.076413 0.079299 0.075875 0.076484 0.076315 0.083933 0.083232 0.081114 0.085844 0.077764 0.083474 0.077121 0.077623 0.076551
0.080812 0.080298 0.078472 0.082541 0.081469 0.080244 0.079836 0.083714 0.079591 0.082400 0.084033 0.081427 0.079453 0.080034 0.080505 0.081234 0.081172 0.081137 0.081450 0.084178 0.083890 0.080965 0.082943 0.082380 0.080002 0.082146 0.080119 0.079299 0.078254 0.080595 0.080091 0.080875 0.084276 0.083645 0.082022 0.088852 0.079871 0.083767 0.081294 0.081467 0.080786
0.076969 0.077820 0.074515 0.083188 0.078171 0.076147 0.075815 0.078537 0.073801 0.077087 0.081424 0.075504 0.075236 0.076920 0.074548 0.075808 0.079101 0.074842 0.076684 0.085084 0.085368 0.075666 0.083432 0.080099 0.076271 0.076544 0.081676 0.075875 0.080595 0.075378 0.076411 0.075056 0.085645 0.085054 0.083134 0.088128 0.078793 0.085137 0.076155 0.075534 0.076504
0.077055 0.077835 0.074201 0.083385 0.078492 0.076127 0.075985 0.078131 0.074711 0.077707 0.082192 0.075521 0.076765 0.076820 0.075169 0.075724 0.078261 0.076269 0.076596 0.084906 0.085255 0.076302 0.083496 0.079598 0.075762 0.076112 0.081268 0.076484 0.080091 0.076411     -nan 0.075648 0.085893 0.084466 0.083440 0.088123 0.078716 0.085131 0.076714 0.076576 0.076031
0.077138 0.077914 0.074273 0.084538 0.078000 0.075075 0.075846 0.077835 0.073431 0.076802 0.082682 0.074826 0.075719 0.076956 0.074788 0.074377 0.079206 0.074285 0.075479 0.086474 0.086814 0.075572 0.084616 0.077626 0.075136 0.076281 0.082505 0.076315 0.080875 0.075056 0.075648 0.073804 0.086815 0.086185 0.084229 0.091461 0.079063 0.085933 0.075169 0.075367 0.075969
0.085592 0.083808 0.084336 0.056920 0.078683 0.084750 0.084662 0.089136 0.084620 0.089125 0.085869 0.087444 0.084085 0.085143 0.085818 0.087181 0.083648 0.087328 0.087794 0.057020 0.055526 0.086243 0.055348 0.091154 0.085493 0.087953 0.054424 0.083933 0.084276 0.085645 0.085893 0.086815 0.055441 0.055031 0.052337 0.056714 0.081127 0.055941 0.087319 0.086646 0.085391
0.084445 0.083018 0.083496 0.055804 0.077633 0.084163 0.083584 0.087693 0.084137 0.087579 0.085517 0.086665 0.083499 0.083364 0.085122 0.086067 0.082145 0.085518 0.086641 0.055512 0.053504 0.085379 0.053454 0.086207 0.084625 0.086980 0.051855 0.083232 0.083645 0.085054 0.084466 0.086185 0.055031 0.048009 0.049870 0.055262 0.080425 0.053708 0.086255 0.085401 0.084466
0.082824 0.081305 0.081613 0.053296 0.075274 0.082206 0.081865 0.085931 0.081845 0.085754 0.083840 0.084945 0.081126 0.081831 0.083252 0.084691 0.080181 0.083574 0.084918 0.053617 0.051953 0.083318 0.051549 0.086384 0.082210 0.085364 0.050302 0.081114 0.082022 0.083134 0.083440 0.084229 0.052337 0.049870 0.048431 0.043070 0.078243 0.051969 0.084243 0.083701 0.081970
0.084027 0.086953 0.084520 0.059592 0.080408 0.089295 0.086196 0.087446 0.084435 0.090484 0.084234 0.088328 0.083320 0.089844 0.088445 0.089058 0.086554 0.085968 0.091621 0.059674 0.058968 0.088755 0.061609 0.099916 0.085137 0.090190 0.056741 0.085844 0.088852 0.088128 0.088123 0.091461 0.056714 0.055262 0.043070     -nan 0.084492 0.058543 0.085237 0.087735 0.083280
0.079122 0.078524 0.077089 0.079168 0.079058 0.077774 0.077696 0.081537 0.077208 0.081552 0.083025 0.079546 0.077792 0.078205 0.078706 0.079249 0.079019 0.079165 0.079715 0.080607 0.080689 0.078738 0.079011 0.081248 0.078487 0.080184 0.076716 0.077764 0.079871 0.078793 0.078716 0.079063 0.081127 0.080425 0.078243 0.084492 0.073139 0.080612 0.079540 0.079152 0.078161
0.084549 0.083239 0.083800 0.056641 0.077591 0.084358 0.083948 0.088758 0.084095 0.087654 0.085646 0.086655 0.083174 0.084067 0.085323 0.085747 0.082752 0.086040 0.086980 0.056694 0.055623 0.085320 0.054528 0.089831 0.084202 0.086981 0.054048 0.083474 0.083767 0.085137 0.085131 0.085933 0.055941 0.053708 0.051969 0.058543 0.080612 0.050644 0.086172 0.085873 0.084347
0.077837 0.078628 0.075153 0.084318 0.078724 0.076408 0.076766 0.077899 0.073386 0.076195 0.082552 0.074590 0.075074 0.077593 0.076340 0.074264 0.080046 0.074958 0.074798 0.087029 0.087058 0.076379 0.084477 0.077567 0.075637 0.075303 0.083862 0.077121 0.081294 0.076155 0.076714 0.075169 0.087319 0.086255 0.084243 0.085237 0.079540 0.086172     -nan 0.077047 0.077450
0.077164 0.078640 0.075789 0.084291 0.079256 0.076557 0.076231 0.078554 0.074979 0.078396 0.081849 0.076742 0.075746 0.077395 0.074711 0.077262 0.079671 0.075631 0.077231 0.085729 0.086182 0.076155 0.084121 0.080061 0.077521 0.077350 0.082423 0.077623 0.081467 0.075534 0.076576 0.075367 0.086646 0.085401 0.083701 0.087735 0.079152 0.085873 0.077047     -nan 0.076670
0.077433 0.078268 0.074613 0.082730 0.079012 0.076856 0.075690 0.080072 0.074700 0.078526 0.080891 0.077952 0.076789 0.076682 0.076228 0.075897 0.077686 0.076788 0.076202 0.084083 0.084503 0.076621 0.082781 0.083095 0.075302 0.078105 0.080290 0.076551 0.080786 0.076504 0.076031 0.075969 0.085391 0.084466 0.081970 0.083280 0.078161 0.084347 0.077450 0.076670     -nan
