0.074583 0.076896 0.076298 0.081883 0.078738 0.077522 0.075948 0.077315 0.075930 0.077407 0.081042 0.077615 0.076657 0.077543 0.076310 0.076703 0.077503 0.076783 0.077018 0.083937 0.083983 0.076272 0.081513 0.077814 0.077301 0.077282 0.082487 0.076365 0.079013 0.076293 0.076387 0.076407 0.084330 0.082858 0.082025 0.085440 0.078890 0.083792 0.076824 0.076407 0.076567
0.076896 0.074784 0.077147 0.081527 0.078637 0.077697 0.077029 0.078046 0.076688 0.078115 0.081388 0.078320 0.077316 0.077139 0.077080 0.077460 0.077186 0.077497 0.077740 0.083565 0.083613 0.077036 0.081153 0.078520 0.077907 0.078018 0.082117 0.076358 0.078344 0.077066 0.077195 0.077175 0.083960 0.082489 0.081655 0.085071 0.078320 0.083423 0.077548 0.077172 0.077509
0.076298 0.077147 0.074296 0.081886 0.078564 0.077140 0.075711 0.076319 0.075195 0.076518 0.080933 0.076728 0.076330 0.077732 0.075493 0.075822 0.077544 0.075860 0.076121 0.083952 0.083997 0.075507 0.081519 0.076927 0.076482 0.076391 0.082500 0.076736 0.079196 0.075487 0.075250 0.075531 0.084343 0.082871 0.082038 0.085453 0.079038 0.083804 0.075916 0.075614 0.076285
0.081883 0.081527 0.081886 0.050858 0.076413 0.081812 0.081882 0.082657 0.081419 0.082658 0.086100 0.082853 0.082167 0.082185 0.081790 0.082124 0.081333 0.082076 0.082322 0.056747 0.056526 0.081759 0.052400 0.083053 0.082349 0.082634 0.055061 0.081653 0.082693 0.081781 0.081903 0.081863 0.056831 0.055384 0.054542 0.057909 0.080511 0.056195 0.082138 0.081885 0.082356
0.078738 0.078637 0.078564 0.076413 0.063637 0.078020 0.078648 0.079225 0.078110 0.079151 0.082837 0.079335 0.078984 0.079444 0.078453 0.078741 0.077901 0.078611 0.078857 0.078965 0.078952 0.078439 0.076184 0.079534 0.078765 0.079202 0.077460 0.078654 0.080435 0.078450 0.078557 0.078502 0.079289 0.077815 0.076983 0.080390 0.079766 0.078715 0.078682 0.078553 0.079123
0.077522 0.077697 0.077140 0.081812 0.078020 0.074276 0.077324 0.077686 0.076714 0.077676 0.081572 0.077870 0.077686 0.078472 0.077033 0.077286 0.077150 0.077067 0.077365 0.083912 0.083953 0.077034 0.081455 0.078070 0.077041 0.077725 0.082457 0.077579 0.079692 0.077034 0.077117 0.077061 0.084299 0.082827 0.081993 0.085408 0.079433 0.083757 0.077177 0.077139 0.077810
0.075948 0.077029 0.075711 0.081882 0.078648 0.077324 0.074382 0.076848 0.075517 0.076966 0.080920 0.077175 0.076430 0.077636 0.075866 0.076250 0.077519 0.076333 0.076572 0.083943 0.083988 0.075847 0.081514 0.077374 0.076901 0.076833 0.082492 0.076579 0.079105 0.075851 0.075867 0.075951 0.084335 0.082863 0.082029 0.085444 0.078962 0.083796 0.076375 0.075973 0.076097
0.077315 0.078046 0.076319 0.082657 0.079225 0.077686 0.076848 0.074375 0.075927 0.076828 0.081815 0.077033 0.077190 0.078633 0.076191 0.076369 0.078332 0.076005 0.076454 0.084730 0.084774 0.076227 0.082293 0.077233 0.076670 0.076804 0.083278 0.077669 0.080077 0.076202 0.076185 0.076163 0.085120 0.083648 0.082815 0.086230 0.079901 0.084581 0.076219 0.076310 0.077428
0.075930 0.076688 0.075195 0.081419 0.078110 0.076714 0.075517 0.075927 0.073403 0.075886 0.080652 0.076099 0.075425 0.077204 0.074475 0.075024 0.077117 0.075307 0.075474 0.083484 0.083529 0.074211 0.081053 0.076298 0.075986 0.075684 0.082033 0.076267 0.078709 0.074455 0.075024 0.074705 0.083875 0.082404 0.081570 0.084985 0.078551 0.083336 0.075293 0.074453 0.076183
0.077407 0.078115 0.076518 0.082658 0.079151 0.077676 0.076966 0.076828 0.075886 0.074459 0.081950 0.075306 0.077214 0.078696 0.076136 0.076184 0.078386 0.075940 0.075717 0.084736 0.084779 0.076178 0.082295 0.075515 0.076544 0.076260 0.083283 0.077742 0.080140 0.076158 0.076333 0.076090 0.085125 0.083654 0.082820 0.086235 0.079959 0.084585 0.075787 0.076243 0.077574
0.081042 0.081388 0.080933 0.086100 0.082837 0.081572 0.080920 0.081815 0.080652 0.081950 0.074668 0.082155 0.081505 0.082194 0.081002 0.081341 0.081458 0.081311 0.081580 0.088166 0.088210 0.080983 0.085733 0.082354 0.081674 0.081875 0.086714 0.081198 0.083463 0.080993 0.081037 0.081068 0.088557 0.087085 0.086252 0.089667 0.083264 0.088018 0.081384 0.081104 0.081084
0.077615 0.078320 0.076728 0.082853 0.079335 0.077870 0.077175 0.077033 0.076099 0.075306 0.082155 0.074427 0.077424 0.078902 0.076349 0.076401 0.078586 0.076144 0.075949 0.084932 0.084975 0.076391 0.082490 0.075156 0.076733 0.076490 0.083479 0.077948 0.080345 0.076372 0.076544 0.076304 0.085321 0.083849 0.083016 0.086431 0.080163 0.084781 0.076002 0.076457 0.077782
0.076657 0.077316 0.076330 0.082167 0.078984 0.077686 0.076430 0.077190 0.075425 0.077214 0.081505 0.077424 0.073150 0.077717 0.075947 0.076426 0.077887 0.076614 0.076813 0.084223 0.084268 0.075826 0.081798 0.077623 0.077211 0.077048 0.082772 0.076858 0.079311 0.075921 0.076262 0.076114 0.084615 0.083143 0.082310 0.085725 0.079176 0.084077 0.076625 0.076003 0.077100
0.077543 0.077139 0.077732 0.082185 0.079444 0.078472 0.077636 0.078633 0.077204 0.078696 0.082194 0.078902 0.077717 0.073991 0.077618 0.078015 0.078131 0.078081 0.078316 0.084209 0.084259 0.077562 0.081808 0.079102 0.078530 0.078586 0.082762 0.077073 0.078595 0.077602 0.077763 0.077725 0.084606 0.083134 0.082301 0.085717 0.078738 0.084070 0.078125 0.077704 0.078167
0.076310 0.077080 0.075493 0.081790 0.078453 0.077033 0.075866 0.076191 0.074475 0.076136 0.081002 0.076349 0.075947 0.077618 0.074360 0.075251 0.077482 0.075561 0.075721 0.083857 0.083901 0.074747 0.081424 0.076548 0.076255 0.075925 0.082405 0.076666 0.079108 0.074630 0.075296 0.074906 0.084248 0.082776 0.081942 0.085358 0.078947 0.083709 0.075541 0.074822 0.076525
0.076703 0.077460 0.075822 0.082124 0.078741 0.077286 0.076250 0.076369 0.075024 0.076184 0.081341 0.076401 0.076426 0.078015 0.075251 0.074381 0.077819 0.075668 0.075751 0.084194 0.084238 0.075307 0.081759 0.076600 0.076394 0.075887 0.082742 0.077059 0.079488 0.075286 0.075609 0.075166 0.084585 0.083113 0.082279 0.085694 0.079322 0.084045 0.075593 0.075354 0.076888
0.077503 0.077186 0.077544 0.081333 0.077901 0.077150 0.077519 0.078332 0.077117 0.078386 0.081458 0.078586 0.077887 0.078131 0.077482 0.077819 0.074847 0.077771 0.078032 0.083416 0.083459 0.077455 0.080971 0.078786 0.078012 0.078338 0.081963 0.077311 0.079120 0.077473 0.077578 0.077554 0.083805 0.082334 0.081500 0.084915 0.078775 0.083265 0.077842 0.077579 0.077952
0.076783 0.077497 0.075860 0.082076 0.078611 0.077067 0.076333 0.076005 0.075307 0.075940 0.081311 0.076144 0.076614 0.078081 0.075561 0.075668 0.077771 0.074363 0.075573 0.084151 0.084195 0.075602 0.081712 0.076344 0.075904 0.075996 0.082698 0.077124 0.079524 0.075579 0.075681 0.075516 0.084541 0.083069 0.082236 0.085651 0.079346 0.084001 0.075298 0.075676 0.076933
0.077018 0.077740 0.076121 0.082322 0.078857 0.077365 0.076572 0.076454 0.075474 0.075717 0.081580 0.075949 0.076813 0.078316 0.075721 0.075751 0.078032 0.075573 0.074403 0.084398 0.084441 0.075765 0.081959 0.076147 0.076273 0.075773 0.082945 0.077360 0.079766 0.075744 0.075929 0.075670 0.084787 0.083316 0.082482 0.085897 0.079589 0.084248 0.075282 0.075828 0.077185
0.083937 0.083565 0.083952 0.056747 0.078965 0.083912 0.083943 0.084730 0.083484 0.084736 0.088166 0.084932 0.084223 0.084209 0.083857 0.084194 0.083416 0.084151 0.084398 0.054194 0.056211 0.083825 0.055857 0.085131 0.084432 0.084707 0.054705 0.083698 0.084678 0.083848 0.083970 0.083931 0.056647 0.055235 0.054362 0.057828 0.082365 0.056359 0.084213 0.083951 0.084417
0.083983 0.083613 0.083997 0.056526 0.078952 0.083953 0.083988 0.084774 0.083529 0.084779 0.088210 0.084975 0.084268 0.084259 0.083901 0.084238 0.083459 0.084195 0.084441 0.056211 0.054114 0.083870 0.055652 0.085174 0.084475 0.084751 0.053436 0.083746 0.084733 0.083892 0.084014 0.083975 0.055207 0.054230 0.053146 0.056561 0.082436 0.055377 0.084257 0.083996 0.084462
0.076272 0.077036 0.075507 0.081759 0.078439 0.077034 0.075847 0.076227 0.074211 0.076178 0.080983 0.076391 0.075826 0.077562 0.074747 0.075307 0.077455 0.075602 0.075765 0.083825 0.083870 0.074250 0.081393 0.076590 0.076286 0.075971 0.082373 0.076618 0.079060 0.074733 0.075328 0.074988 0.084216 0.082744 0.081911 0.085326 0.078901 0.083677 0.075585 0.074702 0.076511
0.081513 0.081153 0.081519 0.052400 0.076184 0.081455 0.081514 0.082293 0.081053 0.082295 0.085733 0.082490 0.081798 0.081808 0.081424 0.081759 0.080971 0.081712 0.081959 0.055857 0.055652 0.081393 0.050816 0.082690 0.081987 0.082269 0.054191 0.081281 0.082306 0.081415 0.081537 0.081497 0.055961 0.054537 0.053683 0.057041 0.080093 0.055378 0.081774 0.081519 0.081988
0.077814 0.078520 0.076927 0.083053 0.079534 0.078070 0.077374 0.077233 0.076298 0.075515 0.082354 0.075156 0.077623 0.079102 0.076548 0.076600 0.078786 0.076344 0.076147 0.085131 0.085174 0.076590 0.082690 0.074436 0.076935 0.076686 0.083678 0.078148 0.080544 0.076571 0.076743 0.076503 0.085520 0.084049 0.083215 0.086630 0.080362 0.084980 0.076202 0.076656 0.077981
0.077301 0.077907 0.076482 0.082349 0.078765 0.077041 0.076901 0.076670 0.075986 0.076544 0.081674 0.076733 0.077211 0.078530 0.076255 0.076394 0.078012 0.075904 0.076273 0.084432 0.084475 0.076286 0.081987 0.076935 0.073956 0.076712 0.082978 0.077585 0.079928 0.076268 0.076354 0.076228 0.084821 0.083349 0.082515 0.085930 0.079730 0.084281 0.076081 0.076367 0.077466
0.077282 0.078018 0.076391 0.082634 0.079202 0.077725 0.076833 0.076804 0.075684 0.076260 0.081875 0.076490 0.077048 0.078586 0.075925 0.075887 0.078338 0.075996 0.075773 0.084707 0.084751 0.075971 0.082269 0.076686 0.076712 0.074369 0.083254 0.077630 0.080046 0.075953 0.076190 0.075874 0.085097 0.083625 0.082792 0.086207 0.079873 0.084557 0.075799 0.076026 0.077456
0.082487 0.082117 0.082500 0.055061 0.077460 0.082457 0.082492 0.083278 0.082033 0.083283 0.086714 0.083479 0.082772 0.082762 0.082405 0.082742 0.081963 0.082698 0.082945 0.054705 0.053436 0.082373 0.054191 0.083678 0.082978 0.083254 0.051042 0.082249 0.083236 0.082396 0.082518 0.082479 0.053896 0.052490 0.051464 0.055072 0.080937 0.053680 0.082760 0.082499 0.082966
0.076365 0.076358 0.076736 0.081653 0.078654 0.077579 0.076579 0.077669 0.076267 0.077742 0.081198 0.077948 0.076858 0.077073 0.076666 0.077059 0.077311 0.077124 0.077360 0.083698 0.083746 0.076618 0.081281 0.078148 0.077585 0.077630 0.082249 0.074634 0.078588 0.076650 0.076785 0.076768 0.084093 0.082621 0.081787 0.085203 0.078528 0.083555 0.077168 0.076756 0.077104
0.079013 0.078344 0.079196 0.082693 0.080435 0.079692 0.079105 0.080077 0.078709 0.080140 0.083463 0.080345 0.079311 0.078595 0.079108 0.079488 0.079120 0.079524 0.079766 0.084678 0.084733 0.079060 0.082306 0.080544 0.079928 0.080046 0.083236 0.078588 0.074768 0.079094 0.079233 0.079205 0.085081 0.083609 0.082775 0.086192 0.078683 0.084547 0.079575 0.079198 0.079595
0.076293 0.077066 0.075487 0.081781 0.078450 0.077034 0.075851 0.076202 0.074455 0.076158 0.080993 0.076372 0.075921 0.077602 0.074630 0.075286 0.077473 0.075579 0.075744 0.083848 0.083892 0.074733 0.081415 0.076571 0.076268 0.075953 0.082396 0.076650 0.079094 0.074353 0.075295 0.074944 0.084239 0.082767 0.081933 0.085349 0.078934 0.083700 0.075563 0.074840 0.076513
0.076387 0.077195 0.075250 0.081903 0.078557 0.077117 0.075867 0.076185 0.075024 0.076333 0.081037 0.076544 0.076262 0.077763 0.075296 0.075609 0.077578 0.075681 0.075929 0.083970 0.084014 0.075328 0.081537 0.076743 0.076354 0.076190 0.082518 0.076785 0.079233 0.075295 0.074364 0.075309 0.084361 0.082889 0.082056 0.085471 0.079072 0.083822 0.075723 0.075425 0.076498
0.076407 0.077175 0.075531 0.081863 0.078502 0.077061 0.075951 0.076163 0.074705 0.076090 0.081068 0.076304 0.076114 0.077725 0.074906 0.075166 0.077554 0.075516 0.075670 0.083931 0.083975 0.074988 0.081497 0.076503 0.076228 0.075874 0.082479 0.076768 0.079205 0.074944 0.075309 0.074367 0.084322 0.082850 0.082016 0.085431 0.079041 0.083782 0.075487 0.075049 0.076597
0.084330 0.083960 0.084343 0.056831 0.079289 0.084299 0.084335 0.085120 0.083875 0.085125 0.088557 0.085321 0.084615 0.084606 0.084248 0.084585 0.083805 0.084541 0.084787 0.056647 0.055207 0.084216 0.055961 0.085520 0.084821 0.085097 0.053896 0.084093 0.085081 0.084239 0.084361 0.084322 0.054029 0.054417 0.053209 0.056236 0.082786 0.055522 0.084603 0.084342 0.084809
0.082858 0.082489 0.082871 0.055384 0.077815 0.082827 0.082863 0.083648 0.082404 0.083654 0.087085 0.083849 0.083143 0.083134 0.082776 0.083113 0.082334 0.083069 0.083316 0.055235 0.054230 0.082744 0.054537 0.084049 0.083349 0.083625 0.052490 0.082621 0.083609 0.082767 0.082889 0.082850 0.054417 0.049742 0.051585 0.055375 0.081314 0.052829 0.083131 0.082870 0.083337
0.082025 0.081655 0.082038 0.054542 0.076983 0.081993 0.082029 0.082815 0.081570 0.082820 0.086252 0.083016 0.082310 0.082301 0.081942 0.082279 0.081500 0.082236 0.082482 0.054362 0.053146 0.081911 0.053683 0.083215 0.082515 0.082792 0.051464 0.081787 0.082775 0.081933 0.082056 0.082016 0.053209 0.051585 0.049718 0.054111 0.080480 0.052703 0.082297 0.082037 0.082503
0.085440 0.085071 0.085453 0.057909 0.080390 0.085408 0.085444 0.086230 0.084985 0.086235 0.089667 0.086431 0.085725 0.085717 0.085358 0.085694 0.084915 0.085651 0.085897 0.057828 0.056561 0.085326 0.057041 0.086630 0.085930 0.086207 0.055072 0.085203 0.086192 0.085349 0.085471 0.085431 0.056236 0.055375 0.054111 0.053372 0.083900 0.056421 0.085713 0.085452 0.085919
0.078890 0.078320 0.079038 0.080511 0.079766 0.079433 0.078962 0.079901 0.078551 0.079959 0.083264 0.080163 0.079176 0.078738 0.078947 0.079322 0.078775 0.079346 0.079589 0.082365 0.082436 0.078901 0.080093 0.080362 0.079730 0.079873 0.080937 0.078528 0.078683 0.078934 0.079072 0.079041 0.082786 0.081314 0.080480 0.083900 0.073617 0.082261 0.079399 0.079037 0.079445
0.083792 0.083423 0.083804 0.056195 0.078715 0.083757 0.083796 0.084581 0.083336 0.084585 0.088018 0.084781 0.084077 0.084070 0.083709 0.084045 0.083265 0.084001 0.084248 0.056359 0.055377 0.083677 0.055378 0.084980 0.084281 0.084557 0.053680 0.083555 0.084547 0.083700 0.083822 0.083782 0.055522 0.052829 0.052703 0.056421 0.082261 0.049914 0.084063 0.083803 0.084270
0.076824 0.077548 0.075916 0.082138 0.078682 0.077177 0.076375 0.076219 0.075293 0.075787 0.081384 0.076002 0.076625 0.078125 0.075541 0.075593 0.077842 0.075298 0.075282 0.084213 0.084257 0.075585 0.081774 0.076202 0.076081 0.075799 0.082760 0.077168 0.079575 0.075563 0.075723 0.075487 0.084603 0.083131 0.082297 0.085713 0.079399 0.084063 0.074379 0.075652 0.076987
0.076407 0.077172 0.075614 0.081885 0.078553 0.077139 0.075973 0.076310 0.074453 0.076243 0.081104 0.076457 0.076003 0.077704 0.074822 0.075354 0.077579 0.075676 0.075828 0.083951 0.083996 0.074702 0.081519 0.076656 0.076367 0.076026 0.082499 0.076756 0.079198 0.074840 0.075425 0.075049 0.084342 0.082870 0.082037 0.085452 0.079037 0.083803 0.075652 0.074332 0.076632
0.076567 0.077509 0.076285 0.082356 0.079123 0.077810 0.076097 0.077428 0.076183 0.077574 0.081084 0.077782 0.077100 0.078167 0.076525 0.076888 0.077952 0.076933 0.077185 0.084417 0.084462 0.076511 0.081988 0.077981 0.077466 0.077456 0.082966 0.077104 0.079595 0.076513 0.076498 0.076597 0.084809 0.083337 0.082503 0.085919 0.079445 0.084270 0.076987 0.076632 0.074462
